309,2,-6.7725000381,119.0547027587
358,3,-9.0649995803,122.0054855346
407,4,-7.2449998855,122.0054855346
457,5,-9.2049999237,122.0054855346
506,6,-5.9499998092,119.0547027587
556,7,-6.9825000762,113.9625778198
606,8,-7.0174999237,122.0054855346
655,9,-8.4875001907,116.5651397705
704,10,-6.6500000953,119.0547027587
755,11,-7.3324999809,116.5651397705
805,12,-6.5275001525,119.0547027587
857,13,-10.1324996948,116.5651397705
908,14,-6.7899999618,122.0054855346
958,15,-8.2250003814,110.5561447143
1008,16,-6.0025000572,116.5651397705
1060,17,-12.7925004959,119.0547027587
1113,18,-12.3900003433,116.5651397705
1166,19,-12.3374996185,96.1702575683
1217,20,-61.0750007629,102.5288925170
1270,21,-7.9974999427,102.5288925170
1321,22,-8.5399999618,108.4350357055
1373,23,-9.6949996948,102.5288925170
1425,24,-13.4575004577,104.0363311767
1477,25,-41.5099983215,104.0363311767
1530,26,-17.8850002288,97.1250915527
1582,27,-15.9600000381,101.3100128173
1634,28,-15.9075002670,90.0000762939
1686,29,-6.5450000762,97.1250915527
1736,30,-7.0000000000,97.1250915527
1786,31,-11.8649997711,102.5288925170
1840,32,-11.3050003051,180.0001525878
1892,33,-16.8525009155,104.0363311767
1944,34,-10.2375001907,97.1250915527
1996,35,-6.3524999618,90.0000762939
2046,36,-13.9650001525,90.0000762939
2098,37,-12.1800003051,90.0000762939
2150,38,-6.3874998092,90.0000762939
2200,39,-8.5749998092,127.8750991821
2251,40,-14.5074996948,90.0000762939
2304,41,-16.7649993896,84.2894821166
2355,42,-37.1875000000,82.8750610351
2407,43,-17.0799999237,75.9638214111
2458,44,-6.9650001525,77.4712600708
2508,45,-14.1575002670,75.9638214111
2561,46,-9.2574996948,123.6901626586
2612,47,-25.2875003814,75.9638214111
2663,48,-30.7474994659,69.4440078735
2715,49,-7.5950002670,71.5651092529
2765,50,-13.7375001907,63.4350013732
2818,51,-17.8850002288,69.4440078735
2869,52,-20.3174991607,63.4350013732
2920,53,-8.5050001144,137.7264251708
2972,54,-13.9300003051,77.4712600708
3023,55,-10.4125003814,86.6336135864
3076,56,-6.9124999046,63.4350013732
3126,57,-9.0124998092,69.4440078735
3176,58,-5.7575001716,71.5651092529
3227,59,-24.3250007629,63.4350013732
3278,60,-33.9150009155,63.4350013732
3330,61,-27.1250000000,63.4350013732
3382,62,-9.4674997329,59.0362968444
3432,63,-6.4400000572,60.9454460144
3482,64,-19.3899993896,60.9454460144
3534,65,-11.1999998092,54.4623680114
3586,66,-11.7775001525,54.4623680114
3638,67,-11.4624996185,53.1301460266
3689,68,-9.5725002288,53.1301460266
3739,69,-8.3649997711,49.3987464904
3790,70,-24.7450008392,45.0000381469
3842,71,-10.1149997711,57.9946632385
3894,72,-18.8299999237,57.9946632385
3945,73,-24.8500003814,48.8141136169
3996,74,-6.2474999427,49.3987464904
4047,75,-12.4949998855,45.0000381469
4099,76,-22.6625003814,45.0000381469
4150,77,-23.5725002288,45.0000381469
4202,78,-12.7224998474,45.0000381469
4253,79,-13.6675004959,48.8141136169
4304,80,-5.6875000000,45.0000381469
4356,81,-16.2924995422,48.8141136169
4407,82,-8.4700002670,41.1859588623
4457,83,-11.4449996948,41.1859588623
4509,84,-14.7525005340,41.1859588623
4560,85,-6.3874998092,90.0000762939
4611,86,-5.9499998092,37.8750152587
4662,87,-5.9149999618,41.6335754394
4712,88,-21.1749992370,33.6900939941
4764,89,-12.5124998092,56.3099784851
4815,90,-7.6125001907,36.8699264526
4866,91,-9.9575004577,36.8699264526
4917,92,-23.8525009155,36.8699264526
4968,93,-20.5625000000,36.8699264526
5019,94,-9.1525001525,32.0054092407
5070,95,-15.3474998474,32.0054092407
5122,96,-25.5149993896,33.6900939941
5174,97,-12.4425001144,29.0546302795
5225,98,-8.2250003814,11.3099412918
5275,99,-20.7900009155,21.8014259338
5327,100,-4.4099998474,26.5650711059
5379,101,-9.2925004959,21.8014259338
5430,102,-16.2749996185,23.9625091552
5483,103,-10.7274999618,26.5650711059
5535,104,-24.9724998474,23.9625091552
5588,105,-13.0725002288,29.0546302795
5641,106,-29.6800003051,-16.6992568969
5695,107,-6.0900001525,18.4349632263
5746,108,-15.1549997329,19.9831237792
5798,109,-6.4050002098,19.9831237792
5851,110,-26.8975009918,15.2551307678
5903,111,-5.7750000953,19.9831237792
5954,112,-16.3449993133,16.6992568969
6007,113,-10.7449998855,16.6992568969
6060,114,-10.3074998855,19.9831237792
6113,115,-10.2899999618,9.4623298645
6164,116,-14.3850002288,15.2551307678
6216,117,-14.5600004196,10.3048563003
6269,118,-18.1124992370,9.4623298645
6321,119,-25.2525005340,-59.0362968444
6375,120,-8.1024999618,10.3048563003
6426,121,-9.5024995803,10.3048563003
6477,122,-6.0725002288,9.4623298645
6529,123,-9.0649995803,9.4623298645
6579,124,-8.4700002670,4.7636456489
6629,125,-14.2974996566,10.3048563003
6682,126,-8.4875001907,34.9920463562
6733,127,-8.7500000000,5.1944336891
6785,128,-8.2075004577,10.3048563003
6836,129,-7.9625000953,4.7636456489
6886,130,-12.8100004196,2.0454101562
6938,131,-7.7175002098,0.0000000000
6988,132,-15.7150001525,0.0000000000
7040,133,-15.3125000000,0.0000000000
7091,134,-26.4950008392,0.0000000000
7143,135,-8.1374998092,-5.1944336891
7194,136,-10.2375001907,0.0000000000
7245,137,-9.1875000000,0.0000000000
7297,138,-10.2725000381,0.0000000000
7348,139,-9.3450002670,-5.1944336891
7399,140,-11.1824998855,-5.1944336891
7452,141,-5.9499998092,-5.1944336891
7503,142,-9.1175003051,-4.7636456489
7555,143,-5.5124998092,-10.3048563003
7608,144,-12.0225000381,-10.3048563003
7661,145,-7.0875000953,-49.7636833190
7714,146,-6.5100002288,-10.3048563003
7767,147,-6.6325001716,-14.0362548828
7819,148,-17.5174999237,-15.2551307678
7873,149,-16.1175003051,-15.2551307678
7926,150,-8.8550004959,-15.2551307678
7979,151,-7.0349998474,-15.2551307678
8032,152,-13.0200004577,-15.2551307678
8085,153,-10.4825000762,-4.0856199264
8138,154,-22.0149993896,-15.2551307678
8192,155,-6.8949999809,-15.2551307678
8244,156,-9.3275003433,-14.0362548828
8297,157,-11.7425003051,-19.9831237792
8350,158,-17.1499996185,-15.2551307678
8404,159,-9.0649995803,-18.4349632263
8457,160,-10.6750001907,-15.2551307678
8511,161,-15.1549997329,-15.2551307678
8564,162,-15.6975002288,-18.4349632263
8617,163,-7.9625000953,-19.9831237792
8671,164,-14.5775003433,-19.9831237792
8724,165,-9.6599998474,-22.6198825836
8777,166,-8.2600002288,-24.4439754486
8829,167,-17.6749992370,-24.4439754486
8883,168,-14.1750001907,-24.4439754486
8937,169,-15.4350004196,-24.4439754486
8990,170,-9.2749996185,-26.5650711059
9043,171,-7.0174999237,-22.6198825836
9096,172,-5.4949998855,-24.4439754486
9149,173,-11.1475000381,-28.6104850769
9202,174,-7.6300001144,-47.4895935058
9254,175,-11.6549997329,-28.6104850769
9309,174,-6.9124999046,-32.4712181091
9361,173,-6.3000001907,-30.9637832641
9413,172,-4.6900000572,-28.6104850769
9466,171,-2.6250000000,-26.5650711059
9519,170,6.9299998283,-28.6104850769
9571,169,1.7849999427,-28.6104850769
9622,168,-4.8299999237,-69.2278060913
9674,167,5.8099999427,-28.6104850769
9726,166,12.2674999237,-28.6104850769
9779,165,-5.7925000190,-24.4439754486
9831,164,4.0250000953,-19.9831237792
9883,163,4.0949997901,-28.6104850769
9934,162,-4.4275002479,-19.9831237792
9988,161,3.7625000476,-14.9314308166
10039,160,-4.2699999809,-18.4349632263
10092,159,-1.1725000143,-18.4349632263
10146,158,-1.5399999618,-24.4439754486
10200,157,7.9275002479,-18.4349632263
10253,156,-3.0450000762,-22.6198825836
10306,155,2.6075000762,-19.9831237792
10358,154,-4.6550002098,-18.4349632263
10413,153,-0.7000000000,-14.0362548828
10466,152,2.7474999427,-14.0362548828
10519,151,-4.0075001716,-14.0362548828
10572,150,0.6474999904,-14.0362548828
10626,149,-4.5324997901,8.7461690902
10677,148,-5.3025002479,-14.0362548828
10730,147,4.1125001907,-19.9831237792
10783,146,-3.3250000476,-8.7461690902
10835,145,-4.9699997901,-10.3048563003
10890,144,-4.3575000762,-10.3048563003
10943,143,0.5425000190,-4.7636456489
10995,142,-5.3200001716,-10.3048563003
11048,141,-5.2325000762,-8.7461690902
11102,140,-5.8274998664,-9.4623298645
11154,139,-3.9899999618,-9.4623298645
11206,138,-2.6775000095,-4.7636456489
11259,137,-5.2325000762,-4.3987092971
11312,136,9.0124998092,-4.7636456489
11364,135,3.6050000190,-4.3987092971
11415,134,3.7274999618,0.0000000000
11465,133,-4.5149998664,0.0000000000
11517,132,-5.0225000381,0.0000000000
11569,131,1.8725000381,0.0000000000
11619,130,-4.2525000572,0.0000000000
11671,129,3.3075001239,0.0000000000
11721,128,2.7300000190,0.0000000000
11771,127,-2.3800001144,4.7636456489
11823,126,1.8024999618,0.0000000000
11874,125,20.7725009918,5.1944336891
11925,124,11.3225002288,8.1301097869
11977,123,5.4600000381,4.7636456489
12027,122,2.1700000762,4.7636456489
12078,121,-0.1399999980,0.0000000000
12130,120,-5.0925002098,4.7636456489
12181,119,-4.5675001144,4.7636456489
12232,118,-4.1999998092,4.7636456489
12284,117,2.0824999809,4.7636456489
12335,116,5.1975002288,9.4623298645
12386,115,3.5174999237,11.3099412918
12437,114,6.4749999046,10.3048563003
12488,113,4.0425000190,9.4623298645
12539,112,-5.1624999046,10.3048563003
12592,111,5.8625001907,9.4623298645
12643,110,-2.3450000286,36.8699264526
12695,109,-0.3675000190,15.2551307678
12748,108,2.4674999713,19.9831237792
12800,107,-5.3200001716,21.8014259338
12852,106,-5.2849998474,19.9831237792
12905,105,-1.8899999618,67.8337097167
12957,104,-5.9149999618,21.8014259338
13010,103,9.8699998855,21.8014259338
13062,102,3.2550001144,-42.2737236022
13115,101,-3.5000000000,24.4439754486
13167,100,-1.6800000667,6.3401970863
13218,99,-1.5399999618,26.5650711059
13271,98,-1.4874999523,26.5650711059
13322,97,21.1574993133,-60.6422920227
13375,96,-2.2400000095,29.0546302795
13426,95,-2.2400000095,26.5650711059
13477,94,-1.3650000095,29.0546302795
13530,93,19.8274993896,29.0546302795
13581,92,19.7749996185,33.6900939941
13632,91,-4.5324997901,33.6900939941
13684,90,0.7875000000,26.5650711059
13734,89,10.9549999237,36.8699264526
13787,88,-5.7925000190,33.6900939941
13838,87,6.6849999427,33.6900939941
13889,86,-2.6600000858,36.8699264526
13940,85,-1.0850000381,36.8699264526
13991,84,-4.3049998283,45.0000381469
14044,83,-4.4800000190,41.1859588623
14095,82,3.9725000381,36.8699264526
14146,81,-5.4074997901,41.6335754394
14197,80,-5.2150001525,40.6013259887
14248,79,10.7274999618,40.6013259887
14301,78,7.3850002288,49.3987464904
14351,77,4.1999998092,45.0000381469
14401,76,1.2599999904,45.0000381469
14452,75,0.0525000047,45.0000381469
14502,74,-2.7999999523,56.3099784851
14555,73,10.0625000000,48.8141136169
14606,72,16.6250000000,48.8141136169
14658,71,9.5900001525,45.0000381469
14708,70,0.7000000000,48.8141136169
14758,69,2.5025000572,53.1301460266
14810,68,8.6975002288,49.3987464904
14860,67,-3.4124999046,49.3987464904
14911,66,-4.4450001716,54.4623680114
14963,65,3.5174999237,45.0000381469
15013,64,34.3349990844,54.4623680114
15066,63,-0.6824999809,13.6270055770
15117,62,1.7500000000,57.9946632385
15168,61,11.3750000000,53.1301460266
15219,60,2.0299999713,53.1301460266
15269,59,-3.6749999523,57.9946632385
15322,58,0.0700000000,53.1301460266
15372,57,-5.4600000381,66.0375671386
15423,56,4.7074999809,60.9454460144
15474,55,8.8024997711,69.4440078735
15524,54,3.1675000190,83.8845596313
15576,53,10.2375001907,77.4712600708
15627,52,-6.2300000190,66.0375671386
15679,51,-5.6350002288,69.4440078735
15730,50,7.1750001907,57.9946632385
15780,49,-1.7500000000,66.0375671386
15833,48,14.7700004577,73.3008117675
15884,47,-1.6800000667,77.4712600708
15936,46,7.9099998474,71.5651092529
15986,45,3.9024999618,77.4712600708
16037,44,2.5025000572,68.1986465454
16088,43,-2.0999999046,83.6598739624
16139,42,-3.3250000476,73.3008117675
16191,41,9.8350000381,77.4712600708
16241,40,16.7824993133,77.4712600708
16293,39,14.5425004959,83.6598739624
16345,38,-2.2574999332,83.6598739624
16397,37,2.8875000000,83.6598739624
16447,36,-0.1225000023,55.0080299377
16498,35,15.3999996185,83.6598739624
16550,34,9.7300004959,90.0000762939
16601,33,-0.0525000047,90.0000762939
16652,32,7.5075001716,83.6598739624
16703,31,7.0000000000,95.7106704711
16753,30,6.1599998474,90.0000762939
16804,29,1.3474999666,96.3402709960
16855,28,10.2899999618,96.3402709960
16907,27,-1.5399999618,96.3402709960
16958,26,2.0650000572,102.5288925170
17009,25,8.1374998092,102.5288925170
17061,24,12.2674999237,102.5288925170
17114,23,9.3975000381,102.5288925170
17166,22,-0.7699999809,56.3099784851
17217,21,-2.5550000667,97.1250915527
17268,20,13.6149997711,97.1250915527
17320,19,0.5250000000,104.0363311767
17372,18,13.6675004959,110.5561447143
17425,17,6.7200002670,106.6993331909
17476,16,-1.0325000286,110.5561447143
17529,15,-2.1524999141,110.5561447143
17582,14,-5.9675002098,120.9638595581
17634,13,-5.0399999618,97.1250915527
17686,12,-2.7650001049,108.4350357055
17738,11,-2.0299999713,110.5561447143
17792,10,-0.6824999809,116.5651397705
17844,9,13.9650001525,123.6901626586
17896,8,-3.6925001144,113.9625778198
17947,7,-3.8850000381,102.5288925170
17999,6,-5.5999999046,116.5651397705
18051,5,0.5425000190,113.9625778198
18102,6,-4.4099998474,113.9625778198
18153,7,-4.9175000190,116.5651397705
18204,8,-5.2325000762,119.0547027587
18256,9,-5.8274998664,119.0547027587
18308,10,-4.9175000190,116.5651397705
18361,11,-7.5599999427,122.0054855346
18413,12,-10.2025003433,122.0054855346
18467,13,-8.4525003433,122.0054855346
18520,14,-7.1399998664,113.9625778198
18573,15,-8.0850000381,113.9625778198
18625,16,-8.3474998474,113.9625778198
18677,17,-6.0025000572,113.9625778198
18731,18,-26.9675006866,113.9625778198
18784,19,-42.6474990844,128.6599121093
18838,20,-33.6349983215,108.4350357055
18891,21,-49.2275009155,104.0363311767
18946,22,-5.1624999046,104.0363311767
18998,23,-6.4574999809,104.0363311767
19051,24,-6.0374999046,104.0363311767
19103,25,-31.4825000762,104.0363311767
19158,26,-12.1274995803,104.0363311767
19211,27,-14.8750000000,97.1250915527
19263,28,-6.2824997901,101.3100128173
19316,29,-35.1575012207,96.3402709960
19368,30,-6.3350000381,96.3402709960
19421,31,-6.0025000572,96.3402709960
19472,32,-23.8174991607,104.0363311767
19526,33,-9.6075000762,30.9637832641
19577,34,-31.0974998474,96.3402709960
19630,35,-5.7925000190,96.3402709960
19682,36,-7.4724998474,90.0000762939
19733,37,-25.0249996185,90.0000762939
19786,38,-8.7500000000,24.2277660369
19837,39,-6.2300000190,90.0000762939
19889,40,-12.3550004959,90.0000762939
19942,41,-12.1975002288,90.0000762939
19994,42,-9.9224996566,90.0000762939
20045,43,-41.4399986267,71.5651092529
20099,44,-11.0074996948,77.4712600708
20151,45,-16.3099994659,77.4712600708
20203,46,-7.1050000190,90.0000762939
20255,47,-11.0074996948,77.4712600708
20307,48,-13.0024995803,75.9638214111
20361,49,-28.5249996185,71.5651092529
20413,50,-13.3000001907,71.5651092529
20466,51,-11.7425003051,80.5377502441
20518,52,-6.4400000572,66.0375671386
20571,53,-12.2150001525,77.4712600708
20623,54,-8.6975002288,-45.0000381469
20675,55,-20.8950004577,75.9638214111
20728,56,-6.1424999237,71.5651092529
20780,57,-7.1750001907,73.3008117675
20832,58,-6.5799999237,63.4350013732
20883,59,-10.5000000000,33.6900939941
20936,60,-25.4099998474,63.4350013732
20988,61,-16.6250000000,63.4350013732
21041,62,-6.4749999046,63.4350013732
21093,63,-21.6299991607,66.0375671386
21145,64,-8.3999996185,60.9454460144
21197,65,-6.4225001335,57.9946632385
21249,66,-16.2574996948,57.9946632385
21301,67,-7.5774998664,53.1301460266
21353,68,-20.7900009155,57.9946632385
21405,69,-7.6999998092,54.4623680114
21457,70,-14.8750000000,53.1301460266
21510,71,-16.7999992370,53.1301460266
21563,72,-8.9600000381,53.1301460266
21614,73,-31.1499996185,53.1301460266
21666,74,-23.7824993133,41.9872474670
21720,75,-6.7200002670,48.8141136169
21771,76,-10.4825000762,48.8141136169
21824,77,-14.6125001907,159.4440917968
21877,78,-19.8624992370,45.0000381469
21931,79,-6.0549998283,41.1859588623
21982,80,-6.9650001525,41.1859588623
22033,81,-6.3524999618,36.8699264526
22085,82,-15.8900003433,48.8141136169
22137,83,-6.6500000953,40.6013259887
22190,84,-11.4274997711,40.6013259887
22242,85,-23.6599998474,40.6013259887
22294,86,-12.9674997329,40.6013259887
22347,87,-6.6325001716,19.4400501251
22398,88,-6.2474999427,40.6013259887
22451,89,-23.9750003814,36.8699264526
22503,90,-9.7475004196,36.8699264526
22554,91,-18.6725006103,32.0054092407
22607,92,-15.4175004959,8.5307731628
22659,93,-5.9675002098,32.0054092407
22711,94,-5.9850001335,32.0054092407
22762,95,-13.2475004196,32.0054092407
22814,96,-12.6700000762,32.0054092407
22867,97,-12.2325000762,34.6951828002
22920,98,-11.6724996566,29.0546302795
22973,99,-23.1700000762,29.0546302795
23025,100,-14.9274997711,26.5650711059
23079,101,-6.4574999809,21.8014259338
23132,102,-16.1525001525,23.9625091552
23185,103,-9.2049999237,30.9637832641
23238,104,-21.7700004577,21.8014259338
23291,105,-23.0650005340,23.9625091552
23346,106,-20.8600006103,24.4439754486
23399,107,-6.3699998855,19.9831237792
23452,108,-7.9450001716,21.8014259338
23504,109,-8.6625003814,23.9625091552
23558,110,-13.9475002288,16.6992568969
23611,111,-6.5100002288,15.2551307678
23664,112,-6.1775002479,-45.0000381469
23717,113,-15.0325002670,16.6992568969
23771,114,-5.2500000000,16.6992568969
23824,115,-7.6999998092,-47.7263488769
23877,116,-6.0549998283,15.2551307678
23930,117,-6.2649998664,15.2551307678
23983,118,-10.3249998092,9.4623298645
24036,119,-19.7749996185,5.1944336891
24088,120,-18.1475009918,10.3048563003
24141,121,-6.6675000190,9.4623298645
24194,122,-6.3175001144,10.3048563003
24246,123,-11.5850000381,9.4623298645
24299,124,-16.3099994659,10.3048563003
24352,125,-18.3575000762,5.1944336891
24406,126,-14.6649999618,4.7636456489
24458,127,-5.1624999046,4.7636456489
24510,128,-8.9600000381,4.7636456489
24561,129,-7.2274999618,0.0000000000
24612,130,-20.1774997711,0.0000000000
24666,131,-9.3100004196,5.1944336891
24717,132,-9.7124996185,0.0000000000
24768,133,-9.5725002288,64.2901000976
24821,134,-14.9624996185,0.0000000000
24873,135,-20.8950004577,0.0000000000
24926,136,-6.3350000381,-4.3987092971
24979,137,-13.0024995803,0.0000000000
25031,138,-6.7725000381,-4.3987092971
25084,139,-7.6824998855,-51.8428153991
25138,140,-23.4675006866,-5.1944336891
25192,141,-0.8050000190,-4.7636456489
25244,142,-5.7575001716,-47.4895935058
25298,143,-17.7975006103,-10.3048563003
25353,144,-4.8299999237,-8.7461690902
25405,145,-7.9800000190,-10.3048563003
25459,146,-15.1900005340,-10.3048563003
25513,147,-6.2649998664,-10.3048563003
25568,148,-9.4499998092,-15.2551307678
25621,149,-6.2125000953,-14.0362548828
25675,150,-8.3824996948,-12.9946269989
25729,151,-10.2375001907,-14.0362548828
25784,152,-13.3874998092,-14.0362548828
25838,153,-6.3000001907,-18.4349632263
25891,154,-6.7024998664,-14.0362548828
25946,155,-8.5574998855,-21.8014259338
25999,156,-7.3150000572,-14.0362548828
26053,157,-11.5150003433,-14.0362548828
26107,158,-12.0050001144,-18.4349632263
26163,159,-8.7500000000,-14.0362548828
26216,160,-11.7250003814,-14.0362548828
26271,161,-22.4349994659,-18.4349632263
26326,162,-8.8199996948,-24.4439754486
26380,163,-10.0450000762,-18.4349632263
26434,164,-21.8400001525,-18.4349632263
26489,165,-6.8600001335,-16.3895549774
26543,166,-10.9549999237,-19.9831237792
26597,167,-11.1125001907,-22.6198825836
26652,168,-17.8675003051,-26.5650711059
26706,169,-7.6649999618,-26.5650711059
26761,170,-5.4949998855,-28.6104850769
26814,171,-9.5725002288,-28.6104850769
26868,172,-8.2425003051,-30.9637832641
26921,173,-12.7224998474,-28.6104850769
26977,174,-6.4050002098,-28.6104850769
27030,175,-23.7999992370,-30.9637832641
27085,174,-17.3425006866,-30.9637832641
27140,173,-5.4774999618,-32.4712181091
27193,172,-4.5850000381,-28.6104850769
27247,171,24.8150005340,-34.9920463562
27300,170,13.8599996566,-28.6104850769
27355,169,3.4124999046,-28.6104850769
27407,168,-5.6875000000,-8.3256559371
27460,167,13.6149997711,-24.4439754486
27513,166,-4.7600002288,-24.4439754486
27568,165,-4.8825001716,-22.6198825836
27621,164,-2.6424999237,-24.4439754486
27675,163,-4.0425000190,-24.4439754486
27728,162,-0.3325000047,-23.1986103057
27782,161,7.9275002479,-24.4439754486
27835,160,-4.3924999237,-19.9831237792
27888,159,-1.4524999618,-6.0090107917
27941,158,0.9625000000,-19.9831237792
27994,157,2.5374999046,-19.9831237792
28047,156,-2.1349999904,-18.4349632263
28100,155,11.2349996566,-15.2551307678
28154,154,-3.7100000381,-15.2551307678
28208,153,0.7350000381,-18.4349632263
28260,152,8.8374996185,-15.2551307678
28313,151,-5.3550000190,-15.2551307678
28366,150,-5.0399999618,-14.0362548828
28421,149,-4.4800000190,-14.0362548828
28474,148,-5.6525001525,-14.0362548828
28528,147,-4.9524998664,4.7636456489
28579,146,-5.1975002288,-15.2551307678
28634,145,5.2849998474,-15.2551307678
28686,144,2.7999999523,-16.6992568969
28739,143,-5.3025002479,-15.2551307678
28792,142,-5.2150001525,-10.3048563003
28846,141,-3.7799999713,-9.4623298645
28899,140,-5.1624999046,-10.3048563003
28952,139,-3.0099999904,-5.1944336891
29005,138,-5.7925000190,-51.8428153991
29059,137,-3.0099999904,-4.7636456489
29112,136,-2.7650001049,-5.1944336891
29164,135,6.4574999809,-5.1944336891
29216,134,-0.6474999904,-5.1944336891
29268,133,-2.2225000858,0.0000000000
29320,132,-5.1100001335,0.0000000000
29371,131,-2.6250000000,0.0000000000
29423,130,-5.1624999046,0.0000000000
29474,129,0.0000000000,0.0000000000
29524,128,0.3325000047,-15.2551307678
29578,127,12.0749998092,5.1944336891
29629,126,15.6625003814,4.7636456489
29681,125,-2.8700000762,5.1944336891
29732,124,-1.4350000381,4.7636456489
29784,123,-3.7799999713,5.7105975151
29836,122,-4.9000000953,5.1944336891
29887,121,-1.6800000667,6.7098422050
29939,120,5.4074997901,5.1944336891
29989,119,2.5199999809,5.1944336891
30040,118,3.0975000858,5.1944336891
30091,117,3.9024999618,5.7105975151
30141,116,3.0799999237,5.1944336891
30191,115,-5.2150001525,10.3048563003
30244,114,8.8024997711,10.3048563003
30296,113,-5.6174998283,15.2551307678
30349,112,-2.0999999046,3.5763373374
30400,111,12.9149999618,15.2551307678
30453,110,-5.5300002098,15.2551307678
30505,109,6.0199999809,167.0055236816
30558,108,4.3225002288,15.2551307678
30610,107,-2.6424999237,15.2551307678
30662,106,-2.5899999141,21.8014259338
30715,105,2.7650001049,21.8014259338
30767,104,-0.8574999809,24.4439754486
30820,103,-1.1900000572,26.5650711059
30872,102,0.2100000143,26.5650711059
30923,101,-3.6575000286,26.5650711059
30977,100,-1.7150000572,26.5650711059
31029,99,3.0625000000,26.5650711059
31080,98,20.1075000762,26.5650711059
31131,97,0.1225000023,26.5650711059
31181,96,5.8449997901,33.6900939941
31233,95,7.6300001144,29.0546302795
31283,94,-2.4849998950,29.0546302795
31334,93,1.4175000190,29.0546302795
31385,92,9.2049999237,-59.0362968444
31436,91,-5.4074997901,36.8699264526
31489,90,3.6749999523,37.8750152587
31539,89,3.0099999904,32.0054092407
31589,88,-5.3025002479,32.0054092407
31641,87,7.1224999427,32.0054092407
31691,86,-2.1875000000,29.0546302795
31744,85,-2.0299999713,29.0546302795
31795,84,-5.4949998855,33.6900939941
31846,83,8.5399999618,41.1859588623
31897,82,8.2600002288,40.6013259887
31947,81,-3.3949999809,45.0000381469
32000,80,-4.6024999618,41.1859588623
32051,79,13.1075000762,45.0000381469
32102,78,5.3375000953,45.0000381469
32153,77,-6.3175001144,45.0000381469
32204,76,-0.4200000286,45.0000381469
32257,75,6.2300000190,45.0000381469
32307,74,-3.8150000572,57.5288543701
32359,73,-3.4474999904,45.0000381469
32410,72,13.5799999237,45.0000381469
32461,71,18.8125000000,48.8141136169
32514,70,-5.2325000762,45.0000381469
32565,69,-2.3099999427,-63.4350013732
32618,68,8.6099996566,48.8141136169
32668,67,2.3275001049,48.8141136169
32718,66,18.0074996948,53.1301460266
32771,65,12.9674997329,53.1301460266
32822,64,-4.9524998664,57.9946632385
32874,63,8.9250001907,57.9946632385
32924,62,14.2274999618,63.4350013732
32975,61,10.0450000762,57.9946632385
33028,60,-1.1900000572,66.0375671386
33079,59,3.1500000953,66.0375671386
33130,58,8.5050001144,66.0375671386
33180,57,-0.7350000381,71.5651092529
33231,56,4.7249999046,71.5651092529
33283,55,9.8699998855,73.3008117675
33333,54,7.5950002670,71.5651092529
33384,53,12.5825004577,66.0375671386
33435,52,-6.0549998283,75.9638214111
33486,51,2.0999999046,68.1986465454
33538,50,2.2925000190,77.4712600708
33588,49,-0.9100000381,84.0939331054
33640,48,0.4375000000,69.4440078735
33690,47,1.8725000381,73.3008117675
33740,46,12.8450002670,75.9638214111
33793,45,-3.5000000000,73.3008117675
33844,44,-2.3800001144,77.4712600708
33896,43,3.3424999713,77.4712600708
33946,42,-3.0274999141,78.6901321411
33998,41,10.5874996185,77.4712600708
34050,40,8.5574998855,63.4350013732
34100,39,-4.4099998474,77.4712600708
34152,38,8.0675001144,83.6598739624
34202,37,-0.4724999904,83.6598739624
34254,36,3.6749999523,83.6598739624
34305,35,14.6475000381,90.0000762939
34356,34,-4.9175000190,90.0000762939
34408,33,-0.3150000095,90.0000762939
34459,32,4.3575000762,96.3402709960
34509,31,4.8650002479,90.0000762939
34561,30,19.0750007629,96.3402709960
34612,29,-1.6974999904,102.5288925170
34665,28,-0.3325000047,96.3402709960
34716,27,23.2049999237,102.5288925170
34768,26,-5.7400002479,96.3402709960
34821,25,3.2025001049,102.5288925170
34872,24,1.9949999809,104.0363311767
34924,23,-0.8750000000,102.5288925170
34976,22,14.2100000381,102.5288925170
35030,21,7.5075001716,102.5288925170
35081,20,-4.5149998664,102.5288925170
35133,19,4.2175002098,102.5288925170
35185,18,0.7175000190,135.0001068115
35236,17,18.8125000000,110.5561447143
35290,16,5.2150001525,113.9625778198
35341,15,-0.8925000190,110.5561447143
35394,14,-5.9499998092,113.9625778198
35446,13,-2.8524999618,108.4350357055
35500,12,4.6900000572,113.9625778198
35551,11,18.3750000000,100.6197357177
35603,10,28.2450008392,116.5651397705
35656,9,0.9625000000,113.9625778198
35706,8,-3.8675001144,113.9625778198
35759,7,-1.3999999809,119.0547027587
35810,6,-2.1175000667,116.5651397705
35862,5,-5.2674999237,119.0547027587
35913,6,-4.6024999618,97.1250915527
35964,7,-6.0025000572,116.5651397705
36016,8,-4.9000000953,119.0547027587
36067,9,-7.0000000000,119.0547027587
36119,10,-6.7899999618,122.0054855346
36171,11,-5.4600000381,19.1790218353
36224,12,-9.8000001907,113.9625778198
36276,13,-7.7874999046,113.9625778198
36329,14,-6.3175001144,119.0547027587
36381,15,-11.1824998855,116.5651397705
36434,16,-5.7575001716,116.5651397705
36488,17,-5.6875000000,116.5651397705
36540,18,-26.2325000762,113.9625778198
36594,19,-28.3500003814,113.9625778198
36647,20,-14.5074996948,123.6901626586
36702,21,-50.7849998474,104.0363311767
36755,22,-5.4074997901,102.5288925170
36808,23,-8.5749998092,101.3100128173
36860,24,-9.8350000381,102.5288925170
36914,25,-14.8050003051,101.3100128173
36967,26,-18.7600002288,110.5561447143
37021,27,-17.4300003051,104.0363311767
37074,28,-15.6625003814,90.0000762939
37127,29,-17.5000000000,94.0856933593
37180,30,-19.3374996185,102.5288925170
37233,31,-14.8225002288,97.1250915527
37286,32,-8.4875001907,100.3049316406
37339,33,-22.5925006866,95.7106704711
37392,34,-5.8800001144,96.3402709960
37443,35,-8.7849998474,96.3402709960
37495,36,-6.1950001716,90.0000762939
37547,37,-11.6199998855,90.0000762939
37599,38,-16.5725002288,90.0000762939
37652,39,-6.0025000572,90.0000762939
37703,40,-22.1200008392,90.0000762939
37755,41,-12.7224998474,90.0000762939
37809,42,-9.3450002670,90.0000762939
37860,43,-33.7400016784,77.4712600708
37913,44,-6.0199999809,77.4712600708
37964,45,-7.9450001716,77.4712600708
38016,46,-6.8775000572,77.4712600708
38068,47,-7.7350001335,78.6901321411
38119,48,-38.8675003051,77.4712600708
38172,49,-7.6649999618,71.5651092529
38223,50,-8.0850000381,71.5651092529
38276,51,-6.7375001907,71.5651092529
38327,52,-14.1225004196,73.3008117675
38380,53,-15.7849998474,71.5651092529
38432,54,-6.9299998283,66.0375671386
38483,55,-8.2600002288,68.1986465454
38536,56,-11.0950002670,71.5651092529
38588,57,-6.0025000572,68.1986465454
38640,58,-22.7500000000,69.4440078735
38692,59,-6.0025000572,73.3008117675
38744,60,-22.1900005340,71.5651092529
38797,61,-25.2350006103,66.0375671386
38849,62,-6.1424999237,14.4207859039
38901,63,-18.4099998474,60.9454460144
38953,64,-6.1599998474,60.9454460144
39006,65,-13.7725000381,63.4350013732
39058,66,-10.0275001525,57.9946632385
39110,67,-10.2200002670,53.1301460266
39163,68,-10.0275001525,60.9454460144
39216,69,-12.9324998855,57.9946632385
39269,70,-10.4475002288,56.3099784851
39321,71,-17.2900009155,53.1301460266
39374,72,-11.9350004196,53.1301460266
39427,73,-10.0100002288,154.7990112304
39480,74,-30.9575004577,48.8141136169
39533,75,-6.0025000572,48.8141136169
39584,76,-8.1374998092,48.8141136169
39636,77,-18.8649997711,45.0000381469
39689,78,-13.4224996566,48.8141136169
39742,79,-6.0900001525,41.1859588623
39793,80,-19.3374996185,36.8699264526
39845,81,-6.4050002098,36.8699264526
39898,82,-6.0725002288,41.1859588623
39949,83,-8.4175004959,45.0000381469
40001,84,-7.1224999427,36.8699264526
40052,85,-21.8750000000,40.6013259887
40104,86,-6.1950001716,45.0000381469
40157,87,-19.0925006866,40.6013259887
40209,88,-7.8400001525,30.9637832641
40261,89,-15.6099996566,36.8699264526
40313,90,-5.6875000000,36.8699264526
40365,91,-6.1250000000,36.8699264526
40417,92,-6.3000001907,32.0054092407
40468,93,-9.5375003814,30.9637832641
40520,94,-6.4749999046,29.0546302795
40571,95,-12.8975000381,26.5650711059
40625,96,-9.2224998474,29.0546302795
40676,97,-13.4575004577,29.0546302795
40728,98,-8.6975002288,30.9637832641
40780,99,-23.3975009918,29.0546302795
40833,100,-6.7024998664,29.0546302795
40886,101,-47.1100006103,19.9831237792
40939,102,-5.8099999427,21.8014259338
40992,103,-10.0450000762,21.8014259338
41046,104,-8.3125000000,23.9625091552
41098,105,-17.2024993896,21.8014259338
41152,106,-10.8325004577,21.8014259338
41205,107,-10.4300003051,21.8014259338
41260,108,-18.9524993896,16.6992568969
41313,109,-1.5924999713,21.8014259338
41366,110,-5.3550000190,15.2551307678
41418,111,-13.0024995803,18.4349632263
41472,112,-12.8800001144,19.9831237792
41526,113,-8.9425001144,15.2551307678
41578,114,-6.2300000190,16.6992568969
41631,115,-6.3874998092,15.2551307678
41683,116,-15.6275005340,15.2551307678
41738,117,-16.1000003814,10.3048563003
41791,118,-8.2950000762,14.0362548828
41843,119,-7.6824998855,11.3099412918
41896,120,-5.9675002098,11.3099412918
41949,121,-16.5550003051,10.3048563003
42003,122,-21.4025001525,10.3048563003
42056,123,-6.4749999046,9.4623298645
42108,124,-10.8850002288,14.0362548828
42162,125,-8.1024999618,5.1944336891
42214,126,-12.9674997329,4.7636456489
42266,127,-6.0025000572,4.7636456489
42318,128,-16.6250000000,5.1944336891
42371,129,-7.6649999618,5.1944336891
42422,130,-8.7674999237,0.0000000000
42474,131,-16.9925003051,0.0000000000
42526,132,-11.4975004196,0.0000000000
42578,133,-17.8850002288,0.0000000000
42632,134,-13.6850004196,0.0000000000
42684,135,-16.6075000762,0.0000000000
42736,136,-8.5574998855,0.0000000000
42788,137,-10.7449998855,0.0000000000
42841,138,-6.6500000953,-5.7105975151
42893,139,-9.9049997329,-4.7636456489
42946,140,-15.1024999618,-4.3987092971
42999,141,-6.4050002098,-4.7636456489
43053,142,-10.4825000762,-5.1944336891
43106,143,-6.1599998474,-9.4623298645
43158,144,-13.1250000000,-9.4623298645
43212,145,-25.2350006103,-9.4623298645
43266,146,-5.6350002288,-10.3048563003
43320,147,-6.1599998474,-15.2551307678
43373,148,-11.3050003051,-15.2551307678
43428,149,-12.2500000000,-164.7450256347
43484,150,-5.7575001716,-14.0362548828
43538,151,-6.0549998283,-10.3048563003
43591,152,-5.9324998855,-4.7636456489
43644,153,-10.4475002288,-15.2551307678
43699,154,-16.3975009918,-15.2551307678
43753,155,-16.5200004577,-15.2551307678
43808,156,-12.6175003051,-158.9626159667
43864,157,-9.2574996948,-19.9831237792
43918,158,-17.4125003814,-15.2551307678
43972,159,-18.5149993896,-19.9831237792
44027,160,-8.1024999618,-15.2551307678
44081,161,-24.3950004577,-19.9831237792
44136,162,-6.1599998474,-19.9831237792
44189,163,-8.8199996948,-22.6198825836
44243,164,-7.8924999237,-19.9831237792
44297,165,-17.5874996185,-19.9831237792
44351,166,-16.5375003814,-24.7751598358
44406,167,-9.2224998474,-21.8014259338
44460,168,-26.7224998474,-24.4439754486
44515,169,-5.9675002098,-24.4439754486
44568,170,-5.9149999618,-151.6993865966
44623,171,-8.7150001525,-24.4439754486
44677,172,-11.2349996566,-24.4439754486
44732,173,-7.6649999618,-12.9946269989
44785,174,-6.6849999427,-30.9637832641
44839,175,-5.9850001335,-30.9637832641
44893,174,-11.2875003814,-30.9637832641
44947,173,-5.5999999046,-32.4712181091
45001,172,-5.7049999237,-34.9920463562
45054,171,-3.9375000000,-34.9920463562
45109,170,26.5825004577,-135.0001068115
45163,169,-3.5525000095,-28.6104850769
45217,168,-4.8299999237,-24.4439754486
45271,167,-5.6174998283,-32.4712181091
45325,166,-5.2849998474,-29.0546302795
45378,165,1.8550000190,-26.5650711059
45430,164,0.4375000000,-32.4712181091
45484,163,-3.4474999904,-24.4439754486
45537,162,-2.0299999713,-24.4439754486
45591,161,-1.1549999713,-22.6198825836
45644,160,14.8750000000,-18.4349632263
45699,159,-1.4350000381,-19.9831237792
45752,158,-2.2574999332,-21.0375270843
45806,157,-1.7500000000,-14.0362548828
45859,156,5.0925002098,-14.0362548828
45912,155,8.8725004196,-15.2551307678
45965,154,-4.9875001907,-15.2551307678
46018,153,-5.2500000000,-15.2551307678
46072,152,7.8400001525,-21.0375270843
46125,151,-5.6525001525,-15.2551307678
46178,150,-0.5774999618,-15.2551307678
46232,149,-0.2275000095,-10.3048563003
46285,148,0.2275000095,-15.2551307678
46339,147,-5.1100001335,-15.2551307678
46392,146,-5.7224998474,-14.0362548828
46445,145,-5.3025002479,-15.2551307678
46499,144,-4.5324997901,-15.2551307678
46553,143,7.6999998092,-15.2551307678
46606,142,-1.0850000381,-10.3048563003
46659,141,-1.9425000190,-10.3048563003
46713,140,-0.2450000047,-10.3048563003
46767,139,-1.0850000381,-5.1944336891
46819,138,-5.2500000000,-5.1944336891
46872,137,3.7450001239,-4.7636456489
46923,136,-0.6125000000,-5.1944336891
46977,135,1.9774999618,-5.1944336891
47028,134,-3.2725000381,0.0000000000
47079,133,-5.2674999237,0.0000000000
47131,132,11.1649999618,0.0000000000
47182,131,-5.7400002479,0.0000000000
47234,130,-0.8925000190,5.1944336891
47286,129,5.8449997901,5.1944336891
47336,128,4.0250000953,5.1944336891
47386,127,0.1225000023,5.1944336891
47437,126,7.4724998474,5.1944336891
47488,125,18.6375007629,4.7636456489
47540,124,11.4800004959,5.1944336891
47591,123,-1.8725000381,66.8014602661
47643,122,-1.8200000762,0.0000000000
47695,121,9.1000003814,10.3048563003
47747,120,4.8299999237,9.4623298645
47797,119,6.2474999427,5.1944336891
47848,118,-5.8099999427,-42.5104789733
47901,117,7.2800002098,5.1944336891
47952,116,10.5874996185,5.1944336891
48004,115,-5.1100001335,10.3048563003
48056,114,3.3775000572,11.3099412918
48108,113,-5.7925000190,-58.5704841613
48161,112,-5.1624999046,9.4623298645
48214,111,-5.0225000381,15.2551307678
48266,110,-5.1975002288,16.6992568969
48319,109,-5.2500000000,16.6992568969
48371,108,1.0325000286,19.6538410186
48422,107,-5.7575001716,16.6992568969
48476,106,-4.6550002098,16.6992568969
48528,105,-5.8099999427,-5.7105975151
48581,104,2.2225000858,23.9625091552
48632,103,-0.8225000381,21.8014259338
48686,102,-3.4649999141,24.4439754486
48738,101,1.3999999809,21.8014259338
48789,100,2.0125000476,19.9831237792
48841,99,3.1849999427,36.8699264526
48891,98,6.3699998855,14.0362548828
48943,97,-4.0774998664,29.0546302795
48994,96,6.9124999046,26.5650711059
49044,95,-3.8499999046,29.0546302795
49096,94,-1.2250000238,33.6900939941
49147,93,4.7775001525,32.0054092407
49198,92,8.4525003433,36.8699264526
49249,91,-3.3250000476,45.0000381469
49300,90,-5.8099999427,32.0054092407
49352,89,-5.2150001525,33.6900939941
49403,88,6.1250000000,32.0054092407
49454,87,-2.2574999332,33.6900939941
49506,86,-3.7799999713,29.0546302795
49557,85,-4.2350001335,32.0054092407
49609,84,-4.9524998664,41.1859588623
49660,83,-5.4425001144,33.6900939941
49713,82,7.1399998664,36.8699264526
49763,81,-5.3375000953,36.8699264526
49814,80,7.6999998092,45.0000381469
49865,79,10.6400003433,32.0054092407
49916,78,4.3400001525,36.8699264526
49967,77,-5.7925000190,45.0000381469
50019,76,6.6675000190,45.0000381469
50069,75,-2.4149999618,45.0000381469
50121,74,-3.2025001049,45.0000381469
50172,73,3.1500000953,49.3987464904
50223,72,23.4850006103,49.3987464904
50275,71,16.8875007629,45.0000381469
50326,70,-3.4124999046,48.8141136169
50378,69,6.7899999618,57.9946632385
50428,68,-2.7999999523,154.7990112304
50481,67,13.7550001144,45.0000381469
50533,66,3.2374999523,55.0080299377
50583,65,19.9325008392,57.9946632385
50635,64,-1.1200000047,57.9946632385
50686,63,3.5875000953,57.9946632385
50737,62,0.3500000000,57.9946632385
50788,61,0.7000000000,60.9454460144
50838,60,12.6000003814,57.9946632385
50890,59,-4.8125000000,60.9454460144
50941,58,7.3674998283,71.5651092529
50992,57,-5.9499998092,66.0375671386
51044,56,10.5000000000,66.0375671386
51095,55,7.6824998855,60.9454460144
51146,54,9.2925004959,71.5651092529
51196,53,3.6050000190,68.1986465454
51247,52,-5.0749998092,71.5651092529
51299,51,-0.0525000047,71.5651092529
51350,50,-0.2100000143,71.5651092529
51402,49,0.7525000095,71.5651092529
51452,48,-0.3150000095,78.6901321411
51504,47,15.5749998092,77.4712600708
51556,46,0.5950000286,71.5651092529
51606,45,-1.5225000381,71.5651092529
51658,44,3.2899999618,77.4712600708
51708,43,-4.0774998664,127.8750991821
51762,42,-1.5399999618,77.4712600708
51813,41,-2.6075000762,74.0546646118
51864,40,33.5299987792,83.6598739624
51916,39,8.5749998092,83.6598739624
51966,38,-3.2374999523,84.2894821166
52019,37,-4.3400001525,78.6901321411
52070,36,3.6224999427,90.0000762939
52120,35,23.8700008392,90.0000762939
52172,34,2.7650001049,90.0000762939
52222,33,3.7450001239,90.0000762939
52273,32,-6.6325001716,90.0000762939
52325,31,7.9625000953,96.3402709960
52375,30,4.9875001907,102.5288925170
52426,29,-0.5074999809,96.3402709960
52478,28,12.5649995803,90.0000762939
52530,27,11.0425004959,95.7106704711
52582,26,4.9699997901,102.5288925170
52633,25,-3.1150000095,96.3402709960
52685,24,1.5574999809,102.5288925170
52737,23,9.6774997711,102.5288925170
52788,22,1.1900000572,135.0001068115
52840,21,0.4550000190,101.3100128173
52891,20,2.6775000095,99.4624023437
52942,19,-0.7875000000,104.0363311767
52995,18,12.0399999618,104.0363311767
53048,17,13.5625000000,110.5561447143
53100,16,-1.9250000000,108.4350357055
53152,15,2.1524999141,19.1790218353
53203,14,-5.4600000381,110.5561447143
53256,13,-3.9375000000,110.5561447143
53309,12,-4.1999998092,123.6901626586
53361,11,8.1199998855,113.9625778198
53413,10,17.0100002288,110.5561447143
53466,9,-4.5324997901,113.9625778198
53517,8,0.9800000190,36.8699264526
53567,7,-6.0900001525,113.9625778198
53618,6,-3.8850000381,116.5651397705
53670,5,-3.7274999618,113.9625778198
53722,6,0.3675000190,119.0547027587
53773,7,-5.8800001144,113.9625778198
53824,8,-7.2624998092,119.0547027587
53876,9,-4.6725001335,116.5651397705
53927,10,-4.8650002479,128.6599121093
53981,11,-6.3000001907,122.0054855346
54033,12,-8.5399999618,113.9625778198
54086,13,-10.1324996948,116.5651397705
54139,14,-8.9949998855,113.9625778198
54192,15,-7.6475000381,113.1986846923
54245,16,-6.0725002288,119.0547027587
54297,17,-5.5300002098,122.0054855346
54350,18,-16.5025005340,108.4350357055
54404,19,-39.8125000000,110.5561447143
54458,20,-18.9699993133,113.9625778198
54511,21,-60.7775001525,110.5561447143
54565,22,-5.7750000953,110.5561447143
54618,23,-12.0924997329,104.0363311767
54671,24,-8.1549997329,105.2552032470
54724,25,-16.2224998474,104.0363311767
54777,26,-32.9350013732,102.5288925170
54832,27,-8.2775001525,23.1986103057
54883,28,-17.2549991607,97.1250915527
54936,29,-10.2725000381,90.0000762939
54988,30,-9.3450002670,-90.0000762939
55041,31,-6.6849999427,96.3402709960
55093,32,-21.6124992370,90.0000762939
55145,33,-21.1574993133,102.5288925170
55198,34,-14.4899997711,102.5288925170
55252,35,-13.3350000381,90.0000762939
55305,36,-17.7975006103,90.0000762939
55358,37,-6.7375001907,96.3402709960
55409,38,-20.6499996185,111.8015060424
55463,39,-17.4475002288,90.0000762939
55516,40,-8.0150003433,90.0000762939
55567,41,-10.3249998092,90.0000762939
55619,42,-27.8075008392,90.0000762939
55672,43,-18.3575000762,71.5651092529
55725,44,-6.0725002288,83.6598739624
55777,45,-9.1875000000,83.6598739624
55828,46,-7.8400001525,77.4712600708
55879,47,-22.9074993133,77.4712600708
55932,48,-27.0725002288,71.5651092529
55985,49,-28.1049995422,71.5651092529
56038,50,-11.2524995803,66.0375671386
56090,51,-8.1724996566,77.4712600708
56142,52,-15.7849998474,73.3008117675
56195,53,-5.8800001144,66.0375671386
56247,54,-6.8074998855,66.0375671386
56298,55,-16.9400005340,75.9638214111
56350,56,-5.7925000190,68.1986465454
56402,57,-16.2399997711,73.3008117675
56455,58,-5.6174998283,73.3008117675
56507,59,-62.3699989318,63.4350013732
56559,60,-5.3025002479,66.0375671386
56611,61,-12.8450002670,60.9454460144
56664,62,-6.0025000572,66.0375671386
56716,63,-28.1925010681,63.4350013732
56768,64,-6.2300000190,57.9946632385
56819,65,-18.0949993133,57.9946632385
56872,66,-11.4624996185,67.3801879882
56925,67,-7.9275002479,53.1301460266
56977,68,-21.0874996185,57.9946632385
57029,69,-16.8700008392,21.8014259338
57082,70,-7.3674998283,53.1301460266
57134,71,-7.7699999809,52.1250572204
57185,72,-9.8699998855,53.1301460266
57237,73,-11.5850000381,53.1301460266
57289,74,-28.7525005340,156.3707580566
57344,75,-6.3350000381,48.8141136169
57395,76,-9.6599998474,48.8141136169
57447,77,-12.1625003814,45.0000381469
57499,78,-23.9575004577,41.1859588623
57551,79,-6.5625000000,72.3499374389
57604,80,-5.7224998474,36.8699264526
57655,81,-11.2174997329,41.1859588623
57708,82,-8.9075002670,36.8699264526
57759,83,-6.4574999809,36.8699264526
57810,84,-6.5275001525,41.1859588623
57863,85,-26.4249992370,45.0000381469
57915,86,-11.7425003051,40.6013259887
57968,87,-5.8800001144,41.1859588623
58019,88,-6.3000001907,36.8699264526
58071,89,-6.3175001144,45.0000381469
58123,90,-6.4225001335,36.8699264526
58174,91,-9.3800001144,32.0054092407
58226,92,-7.3850002288,32.0054092407
58277,93,-15.6800003051,32.0054092407
58331,94,-5.7750000953,45.0000381469
58382,95,-6.8249998092,29.0546302795
58433,96,-11.6724996566,24.7751598358
58486,97,-7.5250000953,32.0054092407
58537,98,-16.8350009918,29.0546302795
58591,99,-14.3150005340,36.8699264526
58643,100,-17.2374992370,26.5650711059
58697,101,-7.4549999237,26.5650711059
58749,102,-7.5250000953,-47.7263488769
58803,103,-12.8625001907,26.5650711059
58857,104,-0.8574999809,21.8014259338
58909,105,-10.6050004959,-50.1944732666
58964,106,-11.3575000762,29.0546302795
59018,107,-0.7350000381,18.4349632263
59071,108,-7.0875000953,21.8014259338
59123,109,-5.7750000953,19.9831237792
59176,110,-7.3499999046,15.2551307678
59229,111,-9.4849996566,18.4349632263
59281,112,-15.6099996566,15.2551307678
59335,113,-12.6875000000,15.2551307678
59388,114,-20.4400005340,15.2551307678
59443,115,-14.6300001144,16.6992568969
59496,116,-6.7375001907,11.3099412918
59549,117,-9.3800001144,16.6992568969
59601,118,-15.8725004196,10.3048563003
59655,119,-6.0025000572,11.3099412918
59708,120,-51.4324989318,15.2551307678
59761,121,-5.5300002098,10.3048563003
59814,122,-14.5775003433,3.3664634227
59867,123,-6.7725000381,5.1944336891
59919,124,-19.2150001525,11.3099412918
59972,125,-9.1175003051,9.4623298645
60024,126,-8.4525003433,5.1944336891
60076,127,-11.4274997711,4.7636456489
60128,128,-6.8600001335,4.7636456489
60180,129,-20.5625000000,0.0000000000
60232,130,-9.6424999237,0.0000000000
60283,131,-7.5425000190,0.0000000000
60336,132,-10.1149997711,67.5206222534
60389,133,-8.8199996948,-5.1944336891
60442,134,-28.5599994659,0.0000000000
60494,135,-7.9450001716,0.0000000000
60546,136,-9.3100004196,0.0000000000
60598,137,-12.4250001907,0.0000000000
60650,138,-7.9099998474,-5.1944336891
60702,139,-6.2474999427,0.0000000000
60754,140,-14.0349998474,69.6769180297
60808,141,-24.8325004577,-5.1944336891
60861,142,-6.1075000762,-5.1944336891
60914,143,-15.2950000762,-4.0856199264
60967,144,-6.5275001525,-5.1944336891
61021,145,-15.8199996948,-10.3048563003
61075,146,-8.5399999618,-9.4623298645
61128,147,-6.2649998664,-15.2551307678
61181,148,-6.4574999809,-15.2551307678
61235,149,-6.7899999618,-16.6992568969
61289,150,-6.1250000000,-15.2551307678
61342,151,-6.5275001525,-10.3048563003
61396,152,-7.8924999237,-10.3048563003
61450,153,-7.2624998092,-15.2551307678
61504,154,-11.7950000762,-15.2551307678
61558,155,-16.2924995422,-24.4439754486
61613,156,-8.1724996566,-18.4349632263
61667,157,-7.8575000762,-14.0362548828
61720,158,-18.8474998474,-15.2551307678
61775,159,-14.9975004196,-10.6196632385
61830,160,-9.9224996566,-15.2551307678
61884,161,-24.1499996185,-15.2551307678
61938,162,-19.6000003814,-19.9831237792
61993,163,-10.9025001525,-22.6198825836
62048,164,-8.3649997711,-21.8014259338
62102,165,-10.7100000381,-19.9831237792
62156,166,-12.0399999618,-18.4349632263
62211,167,-8.5574998855,-45.0000381469
62265,168,-16.3274993896,-24.4439754486
62319,169,-6.4050002098,-29.0546302795
62373,170,-14.8400001525,-24.7751598358
62428,171,-6.3000001907,-24.4439754486
62482,172,-18.8125000000,-30.9637832641
62536,173,-8.6450004577,-29.0546302795
62590,174,-8.9425001144,-30.9637832641
62644,175,-5.9324998855,-37.8750152587
62697,174,-10.7449998855,-37.8750152587
62752,173,-5.9850001335,-30.9637832641
62806,172,-5.6525001525,-34.9920463562
62860,171,-4.2874999046,-37.8750152587
62913,170,23.4325008392,-22.6198825836
62967,169,15.4525003433,-24.4439754486
63021,168,-3.1849999427,-28.6104850769
63075,167,-6.1075000762,-24.4439754486
63128,166,-5.2674999237,-24.4439754486
63181,165,-1.1725000143,-24.4439754486
63236,164,-0.7350000381,-24.4439754486
63289,163,-2.4149999618,-26.5650711059
63343,162,1.7675000190,-24.4439754486
63395,161,0.7699999809,-24.4439754486
63448,160,20.5275001525,-19.9831237792
63502,159,1.8725000381,-15.2551307678
63554,158,-1.6100000381,65.3764877319
63607,157,2.3624999523,-14.0362548828
63660,156,2.3800001144,-14.0362548828
63713,155,-0.0175000000,-19.9831237792
63766,154,-4.4450001716,-19.9831237792
63820,153,-5.2500000000,-14.0362548828
63874,152,9.8350000381,0.0000000000
63924,151,-5.2150001525,-19.9831237792
63978,150,0.3500000000,-15.2551307678
64030,149,2.2225000858,-9.4623298645
64082,148,-4.0250000953,-15.2551307678
64136,147,4.6725001335,-15.2551307678
64188,146,-5.5650000572,-15.2551307678
64242,145,-5.7049999237,-15.2551307678
64295,144,6.8425002098,-10.3048563003
64349,143,4.1824998855,-15.2551307678
64401,142,-4.6199998855,-10.3048563003
64455,141,0.3849999904,-4.0856199264
64506,140,13.4925003051,-10.3048563003
64560,139,-5.4074997901,-5.1944336891
64613,138,-5.8099999427,-5.7105975151
64665,137,-0.9274999618,-5.1944336891
64718,136,-3.4825000762,-5.1944336891
64771,135,0.6300000190,-5.1944336891
64823,134,12.2150001525,-89.9231414794
64876,133,-5.3550000190,0.0000000000
64927,132,-4.9000000953,0.0000000000
64979,131,-2.0650000572,0.0000000000
65031,130,-2.8700000762,5.1944336891
65082,129,2.6775000095,5.1944336891
65133,128,-3.5174999237,0.0000000000
65184,127,12.7925004959,5.1944336891
65235,126,6.5275001525,5.1944336891
65287,125,20.5450000762,5.1944336891
65338,124,1.6449999809,5.1944336891
65388,123,-2.4325001239,4.7636456489
65440,122,6.2824997901,5.1944336891
65490,121,6.7899999618,10.3048563003
65543,120,-5.0925002098,5.1944336891
65594,119,4.6900000572,67.8337097167
65645,118,-5.5475001335,5.1944336891
65697,117,16.6424999237,5.1944336891
65748,116,-5.2325000762,5.1944336891
65801,115,-3.9375000000,11.3099412918
65853,114,2.0125000476,9.4623298645
65904,113,-5.2325000762,16.6992568969
65956,112,-4.8474998474,16.6992568969
66009,111,-4.5500001907,16.6992568969
66062,110,-2.9925001144,16.6992568969
66114,109,0.8050000190,7.4314141273
66165,108,-5.1799998283,16.6992568969
66217,107,-5.4074997901,18.4349632263
66270,106,-4.5500001907,18.4349632263
66323,105,0.6300000190,21.8014259338
66374,104,5.2500000000,5.8560180664
66425,103,5.6700000762,21.8014259338
66477,102,-1.9949999809,21.8014259338
66529,101,-4.1824998855,26.5650711059
66582,100,4.5324997901,26.5650711059
66633,99,0.8574999809,19.9831237792
66684,98,-2.6949999332,26.5650711059
66736,97,-1.5750000476,26.5650711059
66787,96,-2.5724999904,21.8014259338
66839,95,0.6125000000,23.9625091552
66889,94,1.5399999618,33.6900939941
66940,93,19.3724994659,32.0054092407
66992,92,-2.2750000953,60.2551727294
67043,91,10.3424997329,29.0546302795
67095,90,-5.8975000381,32.0054092407
67146,89,-0.6474999904,29.0546302795
67198,88,8.5225000381,29.0546302795
67249,87,-3.8675001144,29.0546302795
67300,86,-5.0574998855,29.0546302795
67352,85,12.8975000381,36.8699264526
67403,84,-5.7049999237,33.6900939941
67456,83,0.3500000000,36.8699264526
67506,82,-5.8975000381,36.8699264526
67557,81,7.7175002098,40.6013259887
67608,80,-4.5675001144,45.0000381469
67659,79,-5.3200001716,45.0000381469
67710,78,-2.6075000762,8.1301097869
67762,77,-5.2849998474,45.0000381469
67813,76,-1.5225000381,45.0000381469
67865,75,-0.3325000047,45.0000381469
67916,74,9.5900001525,45.0000381469
67968,73,12.8625001907,45.0000381469
68019,72,8.8900003433,45.0000381469
68069,71,-0.3849999904,49.3987464904
68121,70,1.9600000381,48.8141136169
68171,69,-3.1500000953,104.0363311767
68225,68,0.8925000190,49.3987464904
68275,67,-2.1349999904,60.9454460144
68327,66,1.1549999713,57.9946632385
68377,65,17.6574993133,53.1301460266
68428,64,-5.4774999618,57.9946632385
68481,63,-3.0799999237,57.9946632385
68532,62,1.3300000429,59.0362968444
68583,61,9.7650003433,60.9454460144
68633,60,3.3775000572,56.3099784851
68684,59,6.5625000000,66.0375671386
68734,58,-2.1349999904,15.9454078674
68786,57,10.2375001907,60.9454460144
68838,56,18.5499992370,60.9454460144
68889,55,5.5650000572,66.0375671386
68939,54,14.8050003051,66.0375671386
68992,53,-4.7424998283,119.0547027587
69044,52,-5.4600000381,71.5651092529
69096,51,2.8875000000,71.5651092529
69146,50,2.8175001144,71.5651092529
69197,49,9.4674997329,71.5651092529
69248,48,-0.4550000190,71.5651092529
69299,47,0.8050000190,77.4712600708
69350,46,0.3849999904,71.5651092529
69400,45,8.1549997329,77.4712600708
69450,44,-4.0774998664,-81.2539062500
69504,43,-0.7525000095,77.4712600708
69555,42,1.4350000381,84.2894821166
69606,41,19.1975002288,77.4712600708
69657,40,25.6550006866,77.4712600708
69709,39,-3.1324999332,84.2894821166
69761,38,-2.4325001239,90.0000762939
69812,37,1.8200000762,84.8056411743
69863,36,10.7799997329,83.6598739624
69914,35,11.6199998855,52.1250572204
69966,34,5.6350002288,90.0000762939
70017,33,2.3624999523,95.7106704711
70067,32,2.8175001144,96.3402709960
70118,31,-1.0674999952,96.3402709960
70169,30,3.0274999141,90.0000762939
70219,29,7.6125001907,95.7106704711
70270,28,6.5625000000,96.3402709960
70321,27,8.9774999618,101.3100128173
70373,26,-0.5250000000,101.3100128173
70425,25,8.0500001907,96.3402709960
70476,24,16.4325008392,104.0363311767
70529,23,-1.6625000000,96.3402709960
70580,22,2.6250000000,102.5288925170
70632,21,5.6875000000,106.6993331909
70683,20,9.0299997329,102.5288925170
70735,19,-0.1399999980,101.3100128173
70788,18,14.9099998474,108.4350357055
70841,17,5.9499998092,110.5561447143
70892,16,0.6824999809,106.6993331909
70944,15,7.3324999809,110.5561447143
70995,14,-4.0599999427,116.5651397705
71049,13,-4.4800000190,110.5561447143
71101,12,1.0325000286,116.5651397705
71152,11,3.4825000762,111.8015060424
71204,10,29.5750007629,113.1986846923
71257,9,-4.0599999427,116.5651397705
71309,8,-5.8274998664,110.5561447143
71360,7,-2.0299999713,111.8015060424
71412,6,-3.9549999237,113.9625778198
71463,5,-3.1324999332,119.0547027587
71516,6,-6.2474999427,119.0547027587
71567,7,-6.6675000190,116.5651397705
71619,8,-4.6550002098,116.5651397705
71670,9,-6.4924998283,113.1986846923
71723,10,-6.4574999809,116.5651397705
71775,11,-6.3000001907,111.8015060424
71828,12,-11.1999998092,122.0054855346
71881,13,-5.7575001716,113.9625778198
71933,14,-7.3150000572,98.1301879882
71986,15,-6.4400000572,119.0547027587
72038,16,-13.9125003814,113.9625778198
72092,17,-5.8625001907,119.0547027587
72144,18,-13.4224996566,113.9625778198
72199,19,-42.0175018310,113.9625778198
72252,20,-9.5900001525,108.4350357055
72305,21,-32.8125000000,104.0363311767
72358,22,-5.4250001907,102.5288925170
72412,23,-12.8975000381,120.9638595581
72465,24,-12.9499998092,102.5288925170
72519,25,-12.7749996185,101.3100128173
72572,26,-32.1824989318,119.0547027587
72627,27,-20.0025005340,102.5288925170
72680,28,-19.6525001525,97.1250915527
72732,29,-11.6374998092,96.3402709960
72785,30,-26.3024997711,96.3402709960
72838,31,-13.3175001144,90.0000762939
72891,32,-6.7375001907,96.3402709960
72942,33,-23.2749996185,102.5288925170
72996,34,-6.0900001525,90.0000762939
73048,35,-6.9650001525,96.3402709960
73099,36,-6.2649998664,90.0000762939
73151,37,-10.7799997329,90.0000762939
73203,38,-19.9675006866,90.0000762939
73255,39,-11.3225002288,90.0000762939
73309,40,-9.1000003814,90.0000762939
73360,41,-13.4575004577,90.0000762939
73412,42,-11.0074996948,90.0000762939
73465,43,-18.8649997711,83.6598739624
73518,44,-11.5500001907,83.6598739624
73571,45,-8.5399999618,77.4712600708
73622,46,-10.8850002288,77.4712600708
73674,47,-7.2274999618,85.2364273071
73726,48,-15.2600002288,77.4712600708
73779,49,-18.0949993133,71.5651092529
73832,50,-9.6774997711,0.0000000000
73882,51,-15.8024997711,77.4712600708
73935,52,-19.1275005340,84.8056411743
73988,53,-6.4924998283,66.0375671386
74039,54,-8.8900003433,77.4712600708
74091,55,-6.4924998283,75.9638214111
74142,56,-20.7199993133,71.5651092529
74195,57,-8.2600002288,73.3008117675
74247,58,-8.1899995803,69.4440078735
74298,59,-10.1324996948,73.3008117675
74351,60,-12.1099996566,71.5651092529
74403,61,-32.8125000000,63.4350013732
74457,62,-7.0525002479,57.9946632385
74508,63,-6.4924998283,66.0375671386
74559,64,-15.7325000762,63.4350013732
74612,65,-6.2824997901,108.4350357055
74664,66,-13.2650003433,57.9946632385
74718,67,-6.3874998092,53.1301460266
74769,68,-15.5225000381,57.9946632385
74822,69,-13.0550003051,53.1301460266
74874,70,-9.6599998474,53.1301460266
74927,71,-13.0550003051,53.1301460266
74979,72,-19.6525001525,53.1301460266
75031,73,-11.8299999237,53.1301460266
75084,74,-25.4799995422,53.1301460266
75137,75,-18.5674991607,48.8141136169
75190,76,-8.0500001907,48.8141136169
75241,77,-17.0100002288,41.1859588623
75293,78,-11.9700002670,45.0000381469
75346,79,-16.2749996185,45.0000381469
75399,80,-11.0950002670,41.1859588623
75452,81,-8.3824996948,41.1859588623
75503,82,-7.1050000190,36.8699264526
75555,83,-6.2125000953,52.1250572204
75607,84,-6.5974998474,33.6900939941
75658,85,-15.9774999618,40.6013259887
75711,86,-6.5100002288,40.6013259887
75762,87,-6.1775002479,45.0000381469
75814,88,-8.3649997711,37.8750152587
75866,89,-7.5250000953,36.8699264526
75918,90,-7.4724998474,35.5377082824
75969,91,-5.7575001716,36.8699264526
76020,92,-6.5974998474,36.8699264526
76072,93,-7.1750001907,26.5650711059
76124,94,-6.3874998092,33.6900939941
76176,95,-12.6350002288,23.9625091552
76228,96,-10.7974996566,29.0546302795
76280,97,-21.5949993133,29.0546302795
76334,98,-8.3125000000,29.0546302795
76385,99,-21.5074996948,26.5650711059
76438,100,-7.5075001716,26.5650711059
76490,101,-11.5675001144,33.6900939941
76545,102,-16.9400005340,29.0546302795
76598,103,-14.1225004196,21.8014259338
76651,104,-8.8900003433,16.6992568969
76704,105,-14.8225002288,26.5650711059
76758,106,-9.0124998092,23.9625091552
76811,107,-17.0450000762,21.8014259338
76864,108,-7.2800002098,16.6992568969
76917,109,-7.3850002288,16.6992568969
76969,110,-5.7049999237,21.8014259338
77022,111,-6.0549998283,16.6992568969
77075,112,-8.4350004196,21.8014259338
77127,113,-6.8074998855,15.2551307678
77180,114,-17.2549991607,10.3048563003
77234,115,-10.1675004959,11.3099412918
77288,116,-6.5625000000,9.4623298645
77339,117,-6.5799999237,10.3048563003
77392,118,-14.3325004577,15.2551307678
77446,119,-5.9149999618,15.2551307678
77498,120,-9.3625001907,11.3099412918
77551,121,-9.8350000381,16.6992568969
77603,122,-7.0525002479,11.3099412918
77657,123,-10.7100000381,19.9831237792
77710,124,-6.4749999046,9.4623298645
77762,125,-6.8600001335,4.7636456489
77813,126,-10.1499996185,-12.5288181304
77869,127,-7.4025001525,5.1944336891
77920,128,-6.1075000762,4.7636456489
77971,129,-9.0825004577,0.0000000000
78023,130,-7.8750000000,0.0000000000
78074,131,-10.9200000762,18.4349632263
78128,132,-19.3374996185,0.0000000000
78181,133,-14.9624996185,0.0000000000
78233,134,-13.7375001907,-65.3764877319
78288,135,-25.9874992370,-5.1944336891
78342,136,-18.2875003814,0.0000000000
78394,137,-10.5174999237,0.0000000000
78447,138,-7.1050000190,-5.7105975151
78499,139,-6.0725002288,-5.1944336891
78552,140,-16.9925003051,0.0000000000
78605,141,-17.1149997711,-4.7636456489
78658,142,-18.4974994659,-4.7636456489
78712,143,-5.8625001907,-9.4623298645
78765,144,-11.4449996948,-4.7636456489
78818,145,-14.4899997711,-8.1301097869
78872,146,-9.0124998092,-10.3048563003
78925,147,-10.9724998474,-15.2551307678
78981,148,-6.6150002479,-15.2551307678
79034,149,-6.7375001907,-21.8014259338
79088,150,-5.8274998664,-15.2551307678
79141,151,-25.6900005340,-15.2551307678
79197,152,-6.1075000762,-9.4623298645
79249,153,-10.1499996185,-15.2551307678
79304,154,-10.8850002288,-14.0362548828
79358,155,-13.4400005340,-15.2551307678
79413,156,-7.1925001144,-22.6198825836
79467,157,-9.8699998855,-15.2551307678
79520,158,-20.2474994659,-19.9831237792
79576,159,-12.1625003814,-14.0362548828
79630,160,-10.7274999618,-18.4349632263
79685,161,-25.1475009918,-15.2551307678
79739,162,-6.2300000190,-15.2551307678
79794,163,-5.9850001335,-19.9831237792
79847,164,-20.2649993896,-19.9831237792
79902,165,-9.2399997711,-19.9831237792
79955,166,-9.0649995803,-24.4439754486
80010,167,-7.1050000190,-24.4439754486
80063,168,-13.4925003051,-24.4439754486
80117,169,-12.2500000000,-8.5307731628
80172,170,-20.1424999237,-26.5650711059
80226,171,-11.3050003051,-24.4439754486
80281,172,-9.7650003433,-26.5650711059
80334,173,-5.5999999046,-74.0546646118
80389,174,-13.3350000381,-28.6104850769
80443,175,-19.3724994659,-32.4712181091
80498,174,-11.6724996566,-34.9920463562
80552,173,-5.6350002288,-30.9637832641
80606,172,-5.0050001144,-30.9637832641
80660,171,11.4800004959,-34.9920463562
80713,170,13.4224996566,-30.9637832641
80768,169,-3.4300000667,-26.5650711059
80821,168,-4.6900000572,-29.0546302795
80875,167,-4.8825001716,-63.4350013732
80928,166,-4.9000000953,-24.4439754486
80983,165,0.4025000095,-24.4439754486
81035,164,-0.8750000000,-32.0054092407
81088,163,5.0574998855,-24.4439754486
81141,162,0.4200000286,-24.4439754486
81193,161,0.8750000000,-36.8699264526
81247,160,-4.1475000381,-19.9831237792
81300,159,1.9075000762,-15.2551307678
81353,158,-2.5374999046,-15.2551307678
81406,157,-1.2775000333,-15.2551307678
81460,156,1.2074999809,-15.2551307678
81513,155,5.3375000953,-15.2551307678
81565,154,-4.7950000762,-15.2551307678
81619,153,-4.4275002479,-19.9831237792
81673,152,18.9874992370,-15.2551307678
81727,151,-4.8125000000,-15.2551307678
81780,150,4.7950000762,-14.0362548828
81832,149,-4.7600002288,-15.2551307678
81887,148,-2.4149999618,-15.2551307678
81940,147,-3.7100000381,-15.2551307678
81994,146,0.1225000023,-66.2505645751
82046,145,-5.1100001335,-15.2551307678
82101,144,2.5550000667,-15.2551307678
82153,143,-5.2849998474,-15.2551307678
82206,142,-5.0225000381,-10.3048563003
82260,141,-0.2975000190,-10.3048563003
82314,140,-0.8225000381,-59.9314689636
82368,139,-5.1975002288,-5.1944336891
82420,138,-4.3225002288,-5.1944336891
82473,137,-5.2500000000,-5.1944336891
82526,136,0.3675000190,-5.1944336891
82577,135,2.6775000095,0.0000000000
82628,134,7.3324999809,0.0000000000
82678,133,1.6100000381,0.0000000000
82728,132,-5.0925002098,5.1944336891
82781,131,-5.0225000381,0.0000000000
82832,130,-3.5174999237,0.0000000000
82883,129,3.3949999809,5.1944336891
82933,128,-2.7125000953,-19.9831237792
82988,127,-2.6775000095,5.1944336891
83039,126,2.3099999427,5.1944336891
83090,125,21.0174999237,5.1944336891
83141,124,10.6575002670,4.7636456489
83192,123,-3.0799999237,5.1944336891
83245,122,-3.3075001239,0.0000000000
83296,121,-5.3550000190,4.7636456489
83348,120,-5.4425001144,5.7105975151
83399,119,10.9375000000,5.1944336891
83450,118,-5.2674999237,5.1944336891
83503,117,-5.1624999046,5.7105975151
83554,116,15.0675001144,-28.6104850769
83608,115,-4.5500001907,10.3048563003
83660,114,-4.7424998283,10.3048563003
83714,113,-4.4450001716,10.3048563003
83766,112,-5.0050001144,16.6992568969
83818,111,-3.5525000095,16.6992568969
83871,110,-5.4250001907,16.6992568969
83923,109,12.4949998855,16.6992568969
83977,108,3.4300000667,19.9831237792
84028,107,-4.6725001335,16.6992568969
84080,106,-3.9549999237,21.8014259338
84133,105,-5.9499998092,21.8014259338
84186,104,-3.7274999618,21.8014259338
84239,103,-1.9774999618,21.8014259338
84291,102,-2.6775000095,26.5650711059
84344,101,-0.8925000190,26.5650711059
84397,100,-2.9224998474,21.8014259338
84449,99,14.1050004959,26.5650711059
84501,98,9.4324998855,29.0546302795
84551,97,-2.3975000381,29.0546302795
84603,96,4.1999998092,29.0546302795
84654,95,-1.6800000667,29.0546302795
84705,94,8.3824996948,29.0546302795
84756,93,14.8400001525,34.9920463562
84807,92,1.6800000667,29.0546302795
84858,91,-4.6550002098,29.0546302795
84910,90,-5.5475001335,29.0546302795
84961,89,-4.7249999046,33.6900939941
85013,88,0.5950000286,29.0546302795
85063,87,4.4450001716,29.0546302795
85113,86,4.1999998092,-59.0362968444
85166,85,13.4224996566,32.0054092407
85217,84,1.4175000190,45.0000381469
85268,83,-5.2150001525,32.0054092407
85319,82,2.7300000190,36.8699264526
85369,81,5.4074997901,45.0000381469
85421,80,2.5199999809,45.0000381469
85471,79,-3.2899999618,45.0000381469
85523,78,-5.6525001525,45.0000381469
85574,77,-4.2525000572,90.0000762939
85625,76,2.6250000000,45.0000381469
85677,75,-2.1175000667,45.0000381469
85728,74,5.5999999046,45.0000381469
85779,73,-0.7350000381,41.1859588623
85830,72,3.3075001239,45.0000381469
85880,71,3.8675001144,48.8141136169
85932,70,-3.5174999237,54.4623680114
85983,69,1.2074999809,49.3987464904
86033,68,-1.0149999856,48.8141136169
86085,67,-3.6050000190,48.8141136169
86136,66,13.9475002288,49.3987464904
86189,65,26.6875000000,57.9946632385
86240,64,0.5599999904,57.9946632385
86290,63,2.3624999523,57.9946632385
86341,62,5.6700000762,60.9454460144
86391,61,7.0349998474,66.0375671386
86443,60,3.3424999713,66.0375671386
86493,59,-5.3375000953,60.9454460144
86544,58,-5.3375000953,66.0375671386
86596,57,-4.4800000190,68.1986465454
86647,56,7.8225002288,66.0375671386
86699,55,13.8424997329,66.0375671386
86750,54,-5.5475001335,66.0375671386
86802,53,-0.9274999618,71.5651092529
86853,52,-5.3025002479,71.5651092529
86904,51,7.5599999427,71.5651092529
86956,50,0.9449999809,68.1986465454
87006,49,13.3175001144,71.5651092529
87058,48,-4.3400001525,56.3099784851
87109,47,24.3600006103,71.5651092529
87160,46,5.7750000953,71.5651092529
87212,45,-2.8875000000,71.5651092529
87263,44,3.2725000381,71.5651092529
87314,43,-2.0125000476,77.4712600708
87365,42,14.1750001907,71.5651092529
87416,41,7.0000000000,77.0054397583
87468,40,19.6525001525,83.6598739624
87519,39,3.4300000667,84.2894821166
87570,38,-0.4025000095,77.4712600708
87621,37,-0.7000000000,90.0000762939
87672,36,13.0900001525,90.0000762939
87725,35,18.5149993896,83.6598739624
87776,34,-5.5300002098,90.0000762939
87828,33,6.9825000762,83.6598739624
87878,32,-1.0850000381,96.3402709960
87929,31,16.2224998474,90.0000762939
87982,30,-5.6700000762,96.3402709960
88033,29,14.1050004959,96.3402709960
88085,28,16.7124996185,102.5288925170
88137,27,-5.3550000190,22.2490425109
88188,26,11.8649997711,104.0363311767
88242,25,4.0599999427,90.0000762939
88292,24,5.0749998092,102.5288925170
88343,23,4.6024999618,95.7106704711
88394,22,0.0175000000,160.0170135498
88445,21,0.3849999904,102.5288925170
88498,20,-2.9925001144,90.0000762939
88549,19,2.5550000667,102.5288925170
88601,18,4.3750000000,108.4350357055
88652,17,16.6424999237,108.4350357055
88705,16,-2.8175001144,110.5561447143
88758,15,-2.6949999332,108.4350357055
88810,14,-4.7600002288,106.6993331909
88863,13,-2.5899999141,111.8015060424
88915,12,4.6725001335,113.9625778198
88968,11,30.0300006866,110.5561447143
89020,10,18.8999996185,119.0547027587
89073,9,-7.6125001907,116.5651397705
89124,8,-2.2400000095,110.5561447143
89176,7,-3.5875000953,113.9625778198
89228,6,0.5425000190,116.5651397705
89278,5,-5.3025002479,116.5651397705
89330,6,-6.2474999427,122.0054855346
89381,7,-4.0774998664,113.9625778198
89434,8,-6.5100002288,122.0054855346
89485,9,-6.0199999809,122.0054855346
89537,10,-7.4375000000,119.0547027587
89589,11,-6.6150002479,119.0547027587
89643,12,-6.1775002479,113.9625778198
89695,13,-7.1575002670,127.8750991821
89748,14,-7.5250000953,116.5651397705
89800,15,-6.3874998092,122.0054855346
89852,16,-10.6750001907,113.9625778198
89907,17,-5.8449997901,116.5651397705
89959,18,-16.3449993133,116.5651397705
90013,19,-15.2075004577,116.5651397705
90066,20,-31.7275009155,116.5651397705
90121,21,-57.4174995422,104.0363311767
90174,22,-5.7925000190,102.5288925170
90226,23,-6.0025000572,101.3100128173
90279,24,-5.7049999237,104.0363311767
90332,25,-18.8125000000,101.3100128173
90386,26,-22.5575008392,101.3100128173
90439,27,-11.5325002670,96.3402709960
90491,28,-6.1250000000,96.3402709960
90544,29,-22.9249992370,104.0363311767
90597,30,-10.3074998855,98.1301879882
90650,31,-19.7924995422,96.3402709960
90702,32,-6.3874998092,97.1250915527
90755,33,-8.5050001144,-94.3987808227
90807,34,-6.3175001144,96.3402709960
90858,35,-21.3325004577,90.0000762939
90911,36,-17.8325004577,90.0000762939
90963,37,-6.9475002288,90.0000762939
91015,38,-11.6724996566,74.7449417114
91068,39,-26.5475006103,90.0000762939
91120,40,-19.0049991607,90.0000762939
91173,41,-9.2399997711,90.0000762939
91225,42,-16.9750003814,90.0000762939
91277,43,-12.0924997329,83.6598739624
91330,44,-35.7000007629,83.6598739624
91382,45,-12.9149999618,83.6598739624
91436,46,-8.4175004959,95.7106704711
91487,47,-10.3774995803,77.4712600708
91540,48,-16.3624992370,88.0909271240
91592,49,-34.2125015258,71.5651092529
91645,50,-6.3350000381,73.3008117675
91697,51,-9.4149999618,68.1986465454
91748,52,-56.0525016784,71.5651092529
91801,53,-6.2474999427,78.6901321411
91852,54,-6.3175001144,68.1986465454
91905,55,-6.4400000572,63.4350013732
91956,56,-10.3074998855,74.7449417114
92009,57,-6.0199999809,73.3008117675
92060,58,-7.6649999618,63.4350013732
92111,59,-6.3874998092,71.5651092529
92164,60,-6.5799999237,71.5651092529
92215,61,-20.1774997711,75.9638214111
92268,62,-16.7124996185,66.0375671386
92320,63,-7.1575002670,66.0375671386
92372,64,-25.6725006103,60.9454460144
92425,65,-14.3675003051,57.9946632385
92477,66,-7.5774998664,60.9454460144
92529,67,-5.8975000381,57.9946632385
92580,68,-17.8150005340,57.9946632385
92634,69,-6.6325001716,53.1301460266
92685,70,-10.0100002288,57.9946632385
92737,71,-7.3150000572,52.1250572204
92789,72,-10.0974998474,53.1301460266
92841,73,-13.5275001525,53.1301460266
92895,74,-20.8600006103,45.0000381469
92947,75,-6.3699998855,48.8141136169
92999,76,-10.6225004196,32.4712181091
93051,77,-11.3575000762,49.3987464904
93105,78,-12.2674999237,49.3987464904
93157,79,-10.8500003814,48.8141136169
93209,80,-6.0025000572,40.6013259887
93261,81,-6.7725000381,45.0000381469
93313,82,-7.6649999618,41.1859588623
93365,83,-6.5974998474,36.8699264526
93416,84,-5.9499998092,54.4623680114
93468,85,-18.8824996948,40.6013259887
93520,86,-5.8099999427,40.6013259887
93572,87,-7.4025001525,45.0000381469
93624,88,-7.8750000000,45.0000381469
93675,89,-13.2124996185,0.0000000000
93726,90,-13.5625000000,36.8699264526
93779,91,-13.2475004196,41.1859588623
93832,92,-5.9149999618,32.0054092407
93884,93,-7.0174999237,32.0054092407
93935,94,-6.4400000572,32.0054092407
93986,95,-17.4475002288,23.9625091552
94040,96,-8.9600000381,30.9637832641
94091,97,-9.5900001525,29.0546302795
94143,98,-19.3724994659,29.0546302795
94195,99,-10.2200002670,29.0546302795
94247,100,-17.6049995422,26.5650711059
94302,101,-18.4099998474,26.5650711059
94355,102,-8.1899995803,26.5650711059
94408,103,-8.2950000762,21.8014259338
94460,104,-8.9774999618,19.9831237792
94513,105,-9.2049999237,21.8014259338
94566,106,-19.2849998474,21.8014259338
94619,107,-16.3799991607,10.3048563003
94673,108,-6.0725002288,21.8014259338
94726,109,-19.8099994659,15.2551307678
94780,110,-6.0900001525,5.8560180664
94831,111,-9.0825004577,15.2551307678
94884,112,-6.3000001907,15.2551307678
94937,113,-14.0524997711,23.9625091552
94990,114,-6.0025000572,10.3048563003
95043,115,-21.9799995422,10.3048563003
95096,116,-5.7925000190,8.9726333618
95149,117,-21.8050003051,9.4623298645
95201,118,-6.5450000762,10.3048563003
95254,119,-49.0349998474,10.3048563003
95307,120,-5.5650000572,15.2551307678
95361,121,-14.1225004196,9.4623298645
95413,122,-34.6500015258,9.4623298645
95465,123,-9.6949996948,9.4623298645
95517,124,-12.9674997329,10.3048563003
95570,125,-17.6399993896,5.1944336891
95624,126,-23.7999992370,4.7636456489
95676,127,-6.5100002288,-50.1944732666
95730,128,-6.2300000190,5.1944336891
95781,129,-9.7300004959,4.7636456489
95833,130,-10.7624998092,4.7636456489
95886,131,-14.6824998855,4.7636456489
95938,132,-8.1549997329,0.0000000000
95990,133,-10.5699996948,0.0000000000
96043,134,-12.8100004196,0.0000000000
96095,135,-14.3850002288,0.0000000000
96148,136,-6.4050002098,0.0000000000
96199,137,-19.6700000762,0.0000000000
96251,138,-6.0025000572,-5.1944336891
96305,139,-5.9850001335,-5.1944336891
96357,140,-10.1324996948,-6.3401970863
96411,141,-19.6875000000,-5.1944336891
96464,142,-6.5450000762,-10.3048563003
96519,143,-5.8274998664,-4.7636456489
96571,144,-13.4575004577,-10.3048563003
96626,145,-19.0925006866,-10.3048563003
96680,146,-5.7750000953,-9.4623298645
96733,147,-5.8274998664,-15.2551307678
96787,148,-6.7550001144,-15.2551307678
96840,149,-14.1400003433,-14.0362548828
96896,150,-6.1250000000,-15.2551307678
96949,151,-6.6500000953,-15.2551307678
97003,152,-6.3350000381,-15.2551307678
97056,153,-18.3050003051,-14.0362548828
97111,154,-7.9275002479,-15.2551307678
97165,155,-19.0049991607,-18.4349632263
97219,156,-8.2075004577,-19.9831237792
97273,157,-8.3125000000,-15.2551307678
97327,158,-12.6350002288,-18.4349632263
97382,159,-9.2925004959,-19.9831237792
97435,160,-9.3625001907,-15.2551307678
97489,161,-21.0349998474,-15.2551307678
97544,162,-5.8099999427,-14.0362548828
97597,163,-11.4449996948,-39.8056030273
97652,164,-9.3100004196,-19.9831237792
97705,165,-11.4274997711,-21.8014259338
97761,166,-7.6649999618,-24.4439754486
97814,167,-13.8599996566,-24.4439754486
97869,168,-15.5749998092,-26.5650711059
97924,169,-9.9750003814,-24.4439754486
97978,170,-7.7525000572,-40.6013259887
98031,171,-5.9850001335,-24.4439754486
98085,172,-9.6599998474,-29.0546302795
98139,173,-5.7750000953,-24.7751598358
98193,174,-9.9049997329,-34.9920463562
98246,175,-6.1950001716,-34.9920463562
98299,174,-11.2700004577,-34.9920463562
98355,173,-5.4774999618,-34.9920463562
98408,172,-4.4099998474,-37.8750152587
98462,171,3.5350000858,-8.7461690902
98513,170,-3.3600001335,-26.5650711059
98568,169,5.6350002288,-29.0546302795
98620,168,3.1500000953,-9.4623298645
98671,167,-5.5300002098,-26.5650711059
98725,166,-5.3025002479,-24.4439754486
98779,165,-1.1549999713,-28.6104850769
98833,164,-4.0250000953,-24.4439754486
98886,163,6.0374999046,-24.4439754486
98939,162,-0.5774999618,-24.4439754486
98993,161,-4.5850000381,-19.9831237792
99047,160,-4.7249999046,-19.9831237792
99100,159,0.4724999904,51.8428153991
99152,158,-1.9600000381,-14.0362548828
99206,157,-1.4524999618,-15.2551307678
99259,156,0.8400000572,-19.9831237792
99312,155,17.5349998474,-19.9831237792
99365,154,-4.7950000762,-19.9831237792
99420,153,7.4549999237,56.3099784851
99471,152,-5.7049999237,-15.2551307678
99525,151,6.1075000762,-15.2551307678
99577,150,1.2775000333,-153.4350738525
99632,149,-5.4774999618,-15.2551307678
99685,148,-3.6400001049,-15.2551307678
99738,147,-0.8225000381,-9.4623298645
99791,146,-5.0225000381,-15.2551307678
99845,145,-5.2674999237,-15.2551307678
99899,144,-4.5675001144,-9.4623298645
99951,143,-5.2150001525,-10.3048563003
100005,142,-1.2250000238,-10.3048563003
100060,141,-5.6700000762,66.0375671386
100114,140,4.0599999427,-5.1944336891
100166,139,-4.8650002479,-5.1944336891
100220,138,-5.2150001525,4.7636456489
100273,137,5.2150001525,-5.1944336891
100326,136,6.5275001525,-5.1944336891
100378,135,2.4500000476,-4.7636456489
100431,134,-5.5124998092,-5.1944336891
100485,133,-2.0650000572,0.0000000000
100538,132,0.4900000095,-169.6953125000
100592,131,-4.1649999618,0.0000000000
100644,130,0.4550000190,0.0000000000
100697,129,0.3500000000,0.0000000000
100748,128,-2.1875000000,5.1944336891
100801,127,4.4450001716,5.1944336891
100852,126,15.5574998855,5.1944336891
100905,125,-4.8650002479,4.7636456489
100958,124,-1.0850000381,7.1250224113
101011,123,1.8725000381,5.1944336891
101062,122,0.5074999809,5.1944336891
101113,121,17.4650001525,9.4623298645
101167,120,-5.5824999809,9.4623298645
101219,119,-4.1475000381,10.3048563003
101273,118,-4.8650002479,4.7636456489
101325,117,2.5550000667,5.1944336891
101378,116,1.9075000762,180.0001525878
101431,115,1.1200000047,10.3048563003
101484,114,-5.3025002479,11.3099412918
101537,113,-5.4074997901,161.5651702880
101593,112,-5.1275000572,15.2551307678
101646,111,-5.4074997901,16.6992568969
101700,110,-4.4275002479,26.5650711059
101753,109,4.7600002288,16.6992568969
101807,108,-0.2450000047,16.6992568969
101860,107,1.7324999809,30.2564601898
101913,106,-4.8825001716,21.8014259338
101966,105,-5.2849998474,21.8014259338
102021,104,-3.1675000190,34.9920463562
102074,103,-2.7300000190,21.8014259338
102127,102,-1.8200000762,21.8014259338
102181,101,-2.2049999237,12.9946269989
102236,100,-0.9800000190,26.5650711059
102289,99,3.9024999618,26.5650711059
102340,98,3.6224999427,6.7098422050
102391,97,1.4350000381,23.9625091552
102443,96,-1.9250000000,26.5650711059
102496,95,-1.3999999809,29.0546302795
102548,94,10.6400003433,29.0546302795
102601,93,9.0825004577,29.0546302795
102652,92,11.2700004577,29.0546302795
102705,91,9.1175003051,36.8699264526
102757,90,-5.7400002479,-12.5288181304
102810,89,-4.8474998474,36.8699264526
102863,88,-5.7575001716,29.0546302795
102916,87,17.7275009155,29.0546302795
102969,86,-5.3899998664,29.0546302795
103021,85,2.5199999809,33.6900939941
103073,84,-4.3049998283,29.0546302795
103126,83,-0.4375000000,32.0054092407
103178,82,-5.8449997901,41.1859588623
103231,81,-5.1100001335,36.8699264526
103283,80,9.0124998092,40.6013259887
103335,79,-4.2175002098,45.0000381469
103388,78,2.4849998950,45.0000381469
103440,77,0.6824999809,41.1859588623
103491,76,9.8350000381,45.0000381469
103543,75,-3.4649999141,49.3987464904
103596,74,-1.2775000333,49.3987464904
103649,73,7.6300001144,45.0000381469
103700,72,-5.6350002288,66.8014602661
103753,71,-3.5699999332,54.4623680114
103805,70,3.6925001144,45.0000381469
103857,69,-3.0274999141,38.6598434448
103910,68,-3.3775000572,54.4623680114
103962,67,2.3275001049,61.3895912170
104014,66,14.0874996185,57.9946632385
104067,65,31.8500003814,56.3099784851
104120,64,-3.0975000858,82.0929031372
104172,63,-3.1500000953,66.0375671386
104225,62,0.6125000000,63.4350013732
104276,61,0.1399999980,-71.5651092529
104330,60,-5.0574998855,66.0375671386
104382,59,2.1875000000,66.0375671386
104434,58,2.3450000286,60.9454460144
104485,57,4.0425000190,60.9454460144
104538,56,2.8875000000,90.0000762939
104589,55,17.8850002288,66.0375671386
104641,54,2.5724999904,66.0375671386
104693,53,3.4124999046,66.0375671386
104744,52,-6.1250000000,71.5651092529
104798,51,5.4074997901,116.5651397705
104850,50,11.5850000381,71.5651092529
104903,49,15.2600002288,73.3008117675
104955,48,4.0599999427,77.4712600708
105008,47,6.6500000953,71.5651092529
105059,46,-0.6125000000,73.3008117675
105112,45,3.8150000572,71.5651092529
105163,44,1.6800000667,71.5651092529
105216,43,-2.3800001144,73.3008117675
105268,42,1.0499999523,71.5651092529
105320,41,5.7224998474,78.6901321411
105371,40,17.2199993133,83.6598739624
105424,39,8.3824996948,83.6598739624
105476,38,-2.0650000572,84.2894821166
105529,37,1.3650000095,78.6901321411
105580,36,9.7475004196,91.5075149536
105631,35,20.5974998474,90.0000762939
105684,34,10.1850004196,119.0547027587
105738,33,-0.2450000047,96.3402709960
105791,32,-0.9449999809,90.0000762939
105843,31,0.7000000000,96.3402709960
105895,30,7.5250000953,90.0000762939
105947,29,11.9525003433,96.3402709960
106000,28,4.4450001716,95.7106704711
106051,27,-0.4724999904,102.5288925170
106105,26,-3.4825000762,96.3402709960
106158,25,-5.4074997901,108.4350357055
106212,24,17.4125003814,102.5288925170
106265,23,5.1624999046,106.6993331909
106318,22,-1.2949999618,111.8015060424
106372,21,3.3600001335,104.0363311767
106425,20,-0.9449999809,104.0363311767
106478,19,-0.4724999904,102.5288925170
106532,18,6.0374999046,108.4350357055
106585,17,2.8875000000,110.5561447143
106638,16,-1.5225000381,131.6336364746
106691,15,5.8800001144,110.5561447143
106744,14,-0.9274999618,110.5561447143
106798,13,-3.7450001239,113.9625778198
106852,12,-4.0425000190,110.5561447143
106905,11,6.7899999618,110.5561447143
106958,10,5.2674999237,113.9625778198
107011,9,-3.3600001335,116.5651397705
107064,8,-0.3675000190,119.0547027587
107116,7,-5.8625001907,116.5651397705
107169,6,-5.4774999618,119.0547027587
107222,5,-5.1975002288,116.5651397705
107275,6,-6.1950001716,113.9625778198
107327,7,-4.4099998474,98.4270553588
107379,8,-7.1925001144,113.9625778198
107432,9,-6.7200002670,122.0054855346
107485,10,-5.2849998474,102.8043518066
107539,11,-6.3175001144,119.0547027587
107592,12,-9.5900001525,116.5651397705
107646,13,-7.0875000953,108.4350357055
107700,14,-6.1775002479,100.3049316406
107754,15,-6.8074998855,122.0054855346
107807,16,-12.7925004959,110.5561447143
107863,17,-14.0699996948,122.0054855346
107917,18,-13.3350000381,-112.6199569702
107973,19,-13.2124996185,116.5651397705
108027,20,-18.8649997711,110.5561447143
108083,21,-44.5374984741,110.5561447143
108137,22,-5.7049999237,110.5561447143
108191,23,-6.2125000953,104.0363311767
108244,24,-10.2725000381,104.0363311767
108300,25,-20.1075000762,106.6993331909
108354,26,-25.6200008392,104.0363311767
108409,27,-6.6150002479,104.0363311767
108463,28,-9.6075000762,104.0363311767
108517,29,-15.0850000381,104.0363311767
108571,30,-23.7474994659,104.0363311767
108626,31,-6.1075000762,97.1250915527
108679,32,-7.9275002479,95.7106704711
108732,33,-7.6125001907,90.0000762939
108784,34,-13.1774997711,102.5288925170
108839,35,-5.8800001144,90.0000762939
108892,36,-16.2399997711,90.0000762939
108945,37,-21.1224994659,90.0000762939
108999,38,-5.7049999237,84.2894821166
109051,39,-15.9250001907,90.0000762939
109106,40,-6.3175001144,90.0000762939
109158,41,-9.0474996566,120.9638595581
109212,42,-9.6599998474,83.6598739624
109264,43,-16.8174991607,83.6598739624
109319,44,-11.6024999618,95.1945114135
109372,45,-11.7950000762,75.9638214111
109426,46,-13.3350000381,77.4712600708
109479,47,-8.0325002670,78.6901321411
109533,48,-13.8599996566,77.4712600708
109586,49,-15.2600002288,71.5651092529
109640,50,-19.1450004577,22.1663627624
109693,51,-5.8800001144,71.5651092529
109747,52,-21.6299991607,69.4440078735
109800,53,-10.0974998474,16.6992568969
109854,54,-6.0025000572,63.4350013732
109906,55,-27.8600006103,69.4440078735
109961,56,-8.2600002288,82.8750610351
110013,57,-5.9149999618,75.9638214111
110066,58,-15.1199998855,66.0375671386
110119,59,-5.6700000762,68.1986465454
110173,60,-19.6525001525,63.4350013732
110226,61,-57.8199996948,66.0375671386
110280,62,-6.4400000572,63.4350013732
110332,63,-6.0025000572,63.4350013732
110386,64,-8.2600002288,66.0375671386
110438,65,-12.6700000762,68.1986465454
110492,66,-10.8149995803,57.9946632385
110545,67,-6.2824997901,57.9946632385
110599,68,-6.2649998664,154.7990112304
110652,69,-6.9299998283,53.1301460266
110705,70,-9.7124996185,53.1301460266
110757,71,-8.8199996948,53.1301460266
110811,72,-8.7849998474,53.1301460266
110863,73,-16.0300006866,52.1250572204
110917,74,-14.9800004959,53.1301460266
110970,75,-7.5425000190,53.1301460266
111024,76,-17.3600006103,41.1859588623
111077,77,-11.4449996948,41.1859588623
111130,78,-14.2799997329,41.1859588623
111184,79,-9.2224998474,48.8141136169
111237,80,-5.8975000381,41.1859588623
111290,81,-6.4225001335,36.8699264526
111342,82,-5.8975000381,41.1859588623
111395,83,-7.0700001716,45.0000381469
111448,84,-17.0974998474,40.6013259887
111502,85,-19.2500000000,18.4349632263
111555,86,-5.9850001335,36.8699264526
111608,87,-32.0600013732,36.8699264526
111662,88,-6.0025000572,72.8973312377
111715,89,-5.9324998855,33.6900939941
111767,90,-6.1950001716,36.8699264526
111819,91,-11.6374998092,33.6900939941
111874,92,-6.5799999237,32.0054092407
111926,93,-12.2500000000,36.8699264526
111980,94,-6.3699998855,34.9920463562
112033,95,-20.1599998474,29.0546302795
112087,96,-6.1599998474,29.0546302795
112139,97,-6.9299998283,51.3402366638
112192,98,-8.2250003814,29.0546302795
112244,99,-12.5299997329,33.6900939941
112299,100,-14.3500003814,0.0000000000
112352,101,-16.8875007629,30.9637832641
112407,102,-7.5425000190,29.0546302795
112460,103,-11.6374998092,24.4439754486
112516,104,-6.3874998092,23.9625091552
112569,105,-13.8249998092,21.8014259338
112624,106,-13.3350000381,26.5650711059
112678,107,-60.1650009155,-62.2415084838
112735,108,-11.0775003433,21.8014259338
112789,109,-6.3524999618,24.4439754486
112843,110,-8.5399999618,17.1027431488
112897,111,-6.8775000572,16.6992568969
112951,112,-6.1950001716,19.9831237792
113004,113,-10.0625000000,15.2551307678
113059,114,-12.4075002670,-15.2551307678
113115,115,-12.1975002288,10.3048563003
113170,116,-6.1250000000,16.6992568969
113223,117,-11.7075004577,19.9831237792
113278,118,-10.8850002288,9.4623298645
113332,119,-22.2600002288,10.3048563003
113387,120,-17.7800006866,10.3048563003
113441,121,-6.2824997901,9.4623298645
113495,122,-20.4225006103,5.1944336891
113548,123,-6.3524999618,5.1944336891
113601,124,-10.5000000000,9.4623298645
113654,125,-12.5124998092,0.0000000000
113709,126,-19.0049991607,5.1944336891
113762,127,-6.3000001907,33.6900939941
113816,128,-6.0025000572,5.1944336891
113868,129,-22.4174995422,4.7636456489
113923,130,-7.1750001907,4.7636456489
113975,131,-7.3499999046,0.0000000000
114028,132,-9.6075000762,4.7636456489
114080,133,-10.4650001525,0.0000000000
114135,134,-25.0424995422,0.0000000000
114188,135,-23.3975009918,0.0000000000
114241,136,-6.6150002479,0.0000000000
114294,137,-8.5574998855,0.0000000000
114347,138,-10.0799999237,0.0000000000
114400,139,-9.3275003433,-4.7636456489
114454,140,-11.1475000381,-5.1944336891
114508,141,-15.8199996948,-5.1944336891
114564,142,-10.8500003814,-4.7636456489
114618,143,-5.7575001716,-5.1944336891
114672,144,-6.1775002479,-10.3048563003
114726,145,-18.0249996185,-9.4623298645
114782,146,-5.7575001716,-8.7461690902
114835,147,-15.7500000000,-10.3048563003
114891,148,-21.2450008392,-15.2551307678
114947,149,-15.5225000381,-10.3048563003
115003,150,-5.7400002479,0.0000000000
115055,151,-6.3524999618,-15.2551307678
115110,152,-16.5725002288,-14.0362548828
115166,153,-12.7574996948,-15.2551307678
115222,154,-7.5950002670,-15.2551307678
115276,155,-6.9124999046,-15.2551307678
115332,156,-17.2549991607,-15.2551307678
115387,157,-8.3299999237,-15.2551307678
115442,158,-12.2150001525,-18.4349632263
115499,159,-7.9800000190,-12.9946269989
115553,160,-7.3850002288,-19.9831237792
115608,161,-15.9949998855,-15.2551307678
115663,162,-11.4975004196,-10.6196632385
115720,163,-9.4674997329,-19.9831237792
115774,164,-24.5699996948,-19.9831237792
115830,165,-20.0550003051,-24.4439754486
115886,166,-13.0200004577,-21.8014259338
115942,167,-11.2174997329,-24.4439754486
115997,168,-10.4825000762,-24.4439754486
116054,169,-14.7700004577,-24.4439754486
116109,170,-6.2474999427,-28.6104850769
116164,171,-5.8975000381,-26.5650711059
116218,172,-10.1324996948,-28.6104850769
116275,173,-5.8800001144,-28.6104850769
116329,174,-10.1675004959,-28.6104850769
116385,175,-10.4650001525,-30.9637832641
116441,174,-13.5799999237,-30.9637832641
116497,173,-5.8274998664,-30.9637832641
116551,172,-4.5500001907,-32.4712181091
116606,171,-4.4099998474,-32.4712181091
116661,170,-0.8925000190,-40.6013259887
116716,169,-2.7825000286,-28.6104850769
116770,168,23.3274993896,-24.4439754486
116826,167,-5.7224998474,-24.4439754486
116880,166,-5.6174998283,-58.5704841613
116935,165,5.5300002098,-32.4712181091
116988,164,-1.5225000381,-28.6104850769
117043,163,-0.8400000572,-26.5650711059
117098,162,3.2725000381,-18.4349632263
